# x y true pred abs_error
-6.0000000000000000e+00 0.0000000000000000e+00 1.4461612427661599e-01 3.2398546848797877e-05 1.4458372572976719e-01
-5.9400000000000004e+00 0.0000000000000000e+00 1.5170424485822301e-01 3.2439208134545154e-05 1.5167180565008848e-01
-5.8799999999999999e+00 0.0000000000000000e+00 1.5914805804638099e-01 3.2479722677862592e-05 1.5911557832370313e-01
-5.8200000000000003e+00 0.0000000000000000e+00 1.6696555489752599e-01 3.2520130632145340e-05 1.6693303476689383e-01
-5.7599999999999998e+00 0.0000000000000000e+00 1.7517561184942099e-01 3.2560472790008126e-05 1.7514305137663097e-01
-5.7000000000000002e+00 0.0000000000000000e+00 1.8379802445494900e-01 3.2600790565649192e-05 1.8376542366438334e-01
-5.6399999999999997e+00 0.0000000000000000e+00 1.9285354275890401e-01 3.2641125976816328e-05 1.9282090163292720e-01
-5.5800000000000001e+00 0.0000000000000000e+00 2.0236390563765400e-01 3.2681521626185044e-05 2.0233122411602780e-01
-5.5199999999999996e+00 0.0000000000000000e+00 2.1235187132657299e-01 3.2722020682244521e-05 2.1231914930589074e-01
-5.4600000000000000e+00 0.0000000000000000e+00 2.2284124851435599e-01 3.2762666859678760e-05 2.2280848584749632e-01
-5.4000000000000004e+00 0.0000000000000000e+00 2.3385692520671600e-01 3.2803504399230775e-05 2.3382412170231676e-01
-5.3399999999999999e+00 0.0000000000000000e+00 2.4542489088104599e-01 3.2844578047100365e-05 2.4539204630299891e-01
-5.2800000000000002e+00 0.0000000000000000e+00 2.5757225613502899e-01 3.2885933033892817e-05 2.5753937020199508e-01
-5.2199999999999998e+00 0.0000000000000000e+00 2.7032726774692500e-01 3.2927615053029833e-05 2.7029434013187198e-01
-5.1600000000000001e+00 0.0000000000000000e+00 2.8371931370994302e-01 3.2969670238787934e-05 2.8368634403970422e-01
-5.0999999999999996e+00 0.0000000000000000e+00 2.9777891949563601e-01 3.3012145143869568e-05 2.9774590735049211e-01
-5.0400000000000000e+00 0.0000000000000000e+00 3.1253773582634198e-01 3.3055086716521457e-05 3.1250468073962545e-01
-4.9800000000000004e+00 0.0000000000000000e+00 3.2802851177106401e-01 3.3098542277289303e-05 3.2799541322878673e-01
-4.9199999999999999e+00 0.0000000000000000e+00 3.4428504886943700e-01 3.3142559495365702e-05 3.4425190630994162e-01
-4.8600000000000003e+00 0.0000000000000000e+00 3.6134214050171398e-01 3.3187186364532346e-05 3.6130895331534946e-01
-4.7999999999999998e+00 0.0000000000000000e+00 3.7923548839286497e-01 3.3232471178766993e-05 3.7920225592168622e-01
-4.7400000000000002e+00 0.0000000000000000e+00 3.9800158679142500e-01 3.3278462507486359e-05 3.9796830832891750e-01
-4.6799999999999997e+00 0.0000000000000000e+00 4.1767758032231400e-01 3.3325209170475249e-05 4.1764425511314351e-01
-4.6200000000000001e+00 0.0000000000000000e+00 4.3830108636475401e-01 3.3372760212450734e-05 4.3826771360454159e-01
-4.5599999999999996e+00 0.0000000000000000e+00 4.5990996791621203e-01 3.3421164877444628e-05 4.5987654675133460e-01
-4.5000000000000000e+00 0.0000000000000000e+00 4.8254206093709101e-01 3.3470472582724950e-05 4.8250859046450828e-01
-4.4400000000000004e+00 0.0000000000000000e+00 5.0623484790581796e-01 3.3520732892673163e-05 5.0620132717292532e-01
-4.3799999999999999e+00 0.0000000000000000e+00 5.3102506082301004e-01 3.3571995492243117e-05 5.3099148882751779e-01
-4.3200000000000003e+00 0.0000000000000000e+00 5.5694820933923594e-01 3.3624310160276018e-05 5.5691458502907565e-01
-4.2599999999999998e+00 0.0000000000000000e+00 5.8403803163206602e-01 3.3677726742645605e-05 5.8400435390532335e-01
-4.2000000000000002e+00 0.0000000000000000e+00 6.1232584906792598e-01 3.3732295125110597e-05 6.1229211677280082e-01
-4.1399999999999997e+00 0.0000000000000000e+00 6.4183980837747900e-01 3.3788065206158462e-05 6.4180602031227285e-01
-4.0800000000000001e+00 0.0000000000000000e+00 6.7260401954665905e-01 3.3845086869561226e-05 6.7257017445978950e-01
-4.0199999999999996e+00 0.0000000000000000e+00 7.0463756906475405e-01 3.3903409956917619e-05 7.0460366565479715e-01
-3.9600000000000000e+00 0.0000000000000000e+00 7.3795338409275901e-01 3.3963084240030858e-05 7.3791942100851893e-01
-3.8999999999999999e+00 0.0000000000000000e+00 7.7255696617159297e-01 3.4024159393218227e-05 7.7252294201219973e-01
-3.8399999999999999e+00 0.0000000000000000e+00 8.0844498122263897e-01 3.4086684965646579e-05 8.0841089453767334e-01
-3.7799999999999998e+00 0.0000000000000000e+00 8.4560368179398304e-01 3.4150710353486228e-05 8.4556953108362953e-01
-3.7200000000000002e+00 0.0000000000000000e+00 8.8400718996877103e-01 3.4216284772177382e-05 8.8397297368399885e-01
-3.6600000000000001e+00 0.0000000000000000e+00 9.2361565147057900e-01 3.4283457228624479e-05 9.2358136801335033e-01
-3.6000000000000001e+00 0.0000000000000000e+00 9.6437325545977004e-01 3.4352276493498614e-05 9.6433890318327653e-01
-3.5400000000000000e+00 0.0000000000000000e+00 1.0062061535665701e+00 3.4422791073483700e-05 1.0061717307754965e+00
-3.4800000000000000e+00 0.0000000000000000e+00 1.0490203454189599e+00 3.4495049183735563e-05 1.0489858503697762e+00
-3.4199999999999999e+00 0.0000000000000000e+00 1.0926995595549001e+00 3.4569098720259832e-05 1.0926649904561798e+00
-3.3599999999999999e+00 0.0000000000000000e+00 1.1371031751286900e+00 3.4644987232608911e-05 1.1370685301414574e+00
-3.2999999999999998e+00 0.0000000000000000e+00 1.1820643352501199e+00 3.4722761896536554e-05 1.1820296124882232e+00
-3.2400000000000002e+00 0.0000000000000000e+00 1.2273883306177999e+00 3.4802469486924038e-05 1.2273535281483130e+00
-3.1800000000000002e+00 0.0000000000000000e+00 1.2728513199701901e+00 3.4884156350811394e-05 1.2728164358138392e+00
-3.1200000000000001e+00 0.0000000000000000e+00 1.3181996155797400e+00 3.4967868380722994e-05 1.3181646477113593e+00
-3.0600000000000001e+00 0.0000000000000000e+00 1.3631496671334600e+00 3.5053650988103516e-05 1.3631146134824719e+00
-3.0000000000000000e+00 0.0000000000000000e+00 1.4073888139793600e+00 3.5141549077092720e-05 1.4073536724302829e+00
-2.9399999999999999e+00 0.0000000000000000e+00 1.4505770376250300e+00 3.5231607018491369e-05 1.4505418060180115e+00
-2.8799999999999999e+00 0.0000000000000000e+00 1.4923498695676001e+00 3.5323868624054792e-05 1.4923145456989759e+00
-2.8199999999999998e+00 0.0000000000000000e+00 1.5323224670594600e+00 3.5418377121061733e-05 1.5322870486823390e+00
-2.7599999999999998e+00 0.0000000000000000e+00 1.5700949005272400e+00 3.5515175127227540e-05 1.5700593853521128e+00
-2.7000000000000002e+00 0.0000000000000000e+00 1.6052587896057400e+00 3.5614304625924937e-05 1.6052231753011141e+00
-2.6400000000000001e+00 0.0000000000000000e+00 1.6374051019928899e+00 3.5715806941800753e-05 1.6373693861859482e+00
-2.5800000000000001e+00 0.0000000000000000e+00 1.6661327717027401e+00 3.5819722716742087e-05 1.6660969519800233e+00
-2.5200000000000000e+00 0.0000000000000000e+00 1.6910581991638900e+00 3.5926091886222163e-05 1.6910222730720037e+00
-2.4600000000000000e+00 0.0000000000000000e+00 1.7118252086983501e+00 3.6034953656107399e-05 1.7117891737446940e+00
-2.3999999999999999e+00 0.0000000000000000e+00 1.7281146251201400e+00 3.6146346479865743e-05 1.7280784787736601e+00
-2.3399999999999999e+00 0.0000000000000000e+00 1.7396534782754300e+00 3.6260308036180610e-05 1.7396172179673939e+00
-2.2799999999999998e+00 0.0000000000000000e+00 1.7462235299771800e+00 3.6376875207076237e-05 1.7461871531019730e+00
-2.2200000000000002e+00 0.0000000000000000e+00 1.7476677563291401e+00 3.6496084056521168e-05 1.7476312602450836e+00
-2.1600000000000001e+00 0.0000000000000000e+00 1.7438953637122601e+00 3.6617969809449156e-05 1.7438587457424506e+00
-2.1000000000000001e+00 0.0000000000000000e+00 1.7348841895496201e+00 3.6742566831381482e-05 1.7348474469827888e+00
-2.0400000000000000e+00 0.0000000000000000e+00 1.7206812741029800e+00 3.6869908608493026e-05 1.7206444041943716e+00
-1.9800000000000000e+00 0.0000000000000000e+00 1.7014010795119301e+00 3.7000027728223693e-05 1.7013640794842018e+00
-1.9199999999999999e+00 0.0000000000000000e+00 1.6772208158716100e+00 3.7132955860447457e-05 1.6771836829157496e+00
-1.8600000000000001e+00 0.0000000000000000e+00 1.6483742519685300e+00 3.7268723739191295e-05 1.6483369832447909e+00
-1.8000000000000000e+00 0.0000000000000000e+00 1.6151440904844401e+00 3.7407361144901869e-05 1.6151066831232952e+00
-1.7400000000000000e+00 0.0000000000000000e+00 1.5778527740964801e+00 3.7548896887286295e-05 1.5778152251995927e+00
-1.6799999999999999e+00 0.0000000000000000e+00 1.5368527241154299e+00 3.7693358788773505e-05 1.5368150307566413e+00
-1.6200000000000001e+00 0.0000000000000000e+00 1.4925165881567100e+00 3.7840773668521450e-05 1.4924787473830414e+00
-1.5600000000000001e+00 0.0000000000000000e+00 1.4452275147703399e+00 3.7991167327051787e-05 1.4451895236030130e+00
-1.5000000000000000e+00 0.0000000000000000e+00 1.3953700476253199e+00 3.8144564531499963e-05 1.3953319030607885e+00
-1.4399999999999999e+00 0.0000000000000000e+00 1.3433220632002800e+00 3.8300989001459053e-05 1.3432837622112785e+00
-1.3799999999999999e+00 0.0000000000000000e+00 1.2894477578583401e+00 3.8460463395469357e-05 1.2894092973949447e+00
-1.3200000000000001e+00 0.0000000000000000e+00 1.2340918142203401e+00 3.8623009298132874e-05 1.2340531912110420e+00
-1.2600000000000000e+00 0.0000000000000000e+00 1.1775748950357900e+00 3.8788647207855419e-05 1.1775361063885821e+00
-1.2000000000000000e+00 0.0000000000000000e+00 1.1201903947190901e+00 3.8957396525230755e-05 1.1201514373225649e+00
-1.1399999999999999e+00 0.0000000000000000e+00 1.0622022593666101e+00 3.9129275542087218e-05 1.0621631300910679e+00
-1.0800000000000001e+00 0.0000000000000000e+00 1.0038438633128199e+00 3.9304301431148341e-05 1.0038045590113889e+00
-1.0200000000000000e+00 0.0000000000000000e+00 9.4531780994105896e-01 3.9482490236379756e-05 9.4527832745082263e-01
-9.5999999999999996e-01 0.0000000000000000e+00 8.8679639930235898e-01 3.9663856863961867e-05 8.8675673544549505e-01
-9.0000000000000002e-01 0.0000000000000000e+00 8.2842268627818405e-01 3.9848415073933844e-05 8.2838283786311007e-01
-8.3999999999999997e-01 0.0000000000000000e+00 7.7031200677484502e-01 4.0036177472490636e-05 7.7027197059737251e-01
-7.8000000000000003e-01 0.0000000000000000e+00 7.1255378037317596e-01 4.0227155504925146e-05 7.1251355321767107e-01
-7.1999999999999997e-01 0.0000000000000000e+00 6.5521351389752802e-01 4.0421359449247234e-05 6.5517309253807876e-01
-6.6000000000000003e-01 0.0000000000000000e+00 5.9833492772024199e-01 4.0618798410436177e-05 5.9829430892183155e-01
-5.9999999999999998e-01 0.0000000000000000e+00 5.4194210644624596e-01 4.0819480315370231e-05 5.4190128696593054e-01
-5.4000000000000004e-01 0.0000000000000000e+00 4.8604162486339098e-01 4.1023411908384602e-05 4.8600060145148261e-01
-4.7999999999999998e-01 0.0000000000000000e+00 4.3062461804639102e-01 4.1230598747504739e-05 4.3058338744764352e-01
-4.1999999999999998e-01 0.0000000000000000e+00 3.7566875636629299e-01 4.1441045201308800e-05 3.7562731532109167e-01
-3.5999999999999999e-01 0.0000000000000000e+00 3.2114011561485201e-01 4.1654754446442566e-05 3.2109846086040555e-01
-2.9999999999999999e-01 0.0000000000000000e+00 2.6699493948694503e-01 4.1871728465776802e-05 2.6695306775847927e-01
-2.3999999999999999e-01 0.0000000000000000e+00 2.1318127930233399e-01 4.2091968047193364e-05 2.1313918733428680e-01
-1.7999999999999999e-01 0.0000000000000000e+00 1.5964053710581899e-01 4.2315472783011990e-05 1.5959822163303597e-01
-1.2000000000000000e-01 0.0000000000000000e+00 1.0630892029614900e-01 4.2542241070036817e-05 1.0626637805507896e-01
-5.9999999999999998e-02 0.0000000000000000e+00 5.3118801095428797e-02 4.2772270110227916e-05 5.3076028825318568e-02
0.0000000000000000e+00 0.0000000000000000e+00 0.0000000000000000e+00 0.0000000000000000e+00 0.0000000000000000e+00
5.9999999999999998e-02 0.0000000000000000e+00 5.3118801095428797e-02 4.2772270110227916e-05 5.3076028825318568e-02
1.2000000000000000e-01 0.0000000000000000e+00 1.0630892029614900e-01 4.2542241070036817e-05 1.0626637805507896e-01
1.7999999999999999e-01 0.0000000000000000e+00 1.5964053710581899e-01 4.2315472783011990e-05 1.5959822163303597e-01
2.3999999999999999e-01 0.0000000000000000e+00 2.1318127930233399e-01 4.2091968047193364e-05 2.1313918733428680e-01
2.9999999999999999e-01 0.0000000000000000e+00 2.6699493948694503e-01 4.1871728465776802e-05 2.6695306775847927e-01
3.5999999999999999e-01 0.0000000000000000e+00 3.2114011561485201e-01 4.1654754446442566e-05 3.2109846086040555e-01
4.1999999999999998e-01 0.0000000000000000e+00 3.7566875636629299e-01 4.1441045201308800e-05 3.7562731532109167e-01
4.7999999999999998e-01 0.0000000000000000e+00 4.3062461804639102e-01 4.1230598747504739e-05 4.3058338744764352e-01
5.4000000000000004e-01 0.0000000000000000e+00 4.8604162486339098e-01 4.1023411908384602e-05 4.8600060145148261e-01
5.9999999999999998e-01 0.0000000000000000e+00 5.4194210644624596e-01 4.0819480315370231e-05 5.4190128696593054e-01
6.6000000000000003e-01 0.0000000000000000e+00 5.9833492772024199e-01 4.0618798410436177e-05 5.9829430892183155e-01
7.1999999999999997e-01 0.0000000000000000e+00 6.5521351389752802e-01 4.0421359449247234e-05 6.5517309253807876e-01
7.8000000000000003e-01 0.0000000000000000e+00 7.1255378037317596e-01 4.0227155504925146e-05 7.1251355321767107e-01
8.3999999999999997e-01 0.0000000000000000e+00 7.7031200677484502e-01 4.0036177472490636e-05 7.7027197059737251e-01
9.0000000000000002e-01 0.0000000000000000e+00 8.2842268627818405e-01 3.9848415073933844e-05 8.2838283786311007e-01
9.5999999999999996e-01 0.0000000000000000e+00 8.8679639930235898e-01 3.9663856863961867e-05 8.8675673544549505e-01
1.0200000000000000e+00 0.0000000000000000e+00 9.4531780994105896e-01 3.9482490236379756e-05 9.4527832745082263e-01
1.0800000000000001e+00 0.0000000000000000e+00 1.0038438633128199e+00 3.9304301431148341e-05 1.0038045590113889e+00
1.1399999999999999e+00 0.0000000000000000e+00 1.0622022593666101e+00 3.9129275542087218e-05 1.0621631300910679e+00
1.2000000000000000e+00 0.0000000000000000e+00 1.1201903947190901e+00 3.8957396525230755e-05 1.1201514373225649e+00
1.2600000000000000e+00 0.0000000000000000e+00 1.1775748950357900e+00 3.8788647207855419e-05 1.1775361063885821e+00
1.3200000000000001e+00 0.0000000000000000e+00 1.2340918142203401e+00 3.8623009298132874e-05 1.2340531912110420e+00
1.3799999999999999e+00 0.0000000000000000e+00 1.2894477578583401e+00 3.8460463395469357e-05 1.2894092973949447e+00
1.4399999999999999e+00 0.0000000000000000e+00 1.3433220632002800e+00 3.8300989001459053e-05 1.3432837622112785e+00
1.5000000000000000e+00 0.0000000000000000e+00 1.3953700476253199e+00 3.8144564531499963e-05 1.3953319030607885e+00
1.5600000000000001e+00 0.0000000000000000e+00 1.4452275147703399e+00 3.7991167327051787e-05 1.4451895236030130e+00
1.6200000000000001e+00 0.0000000000000000e+00 1.4925165881567100e+00 3.7840773668521450e-05 1.4924787473830414e+00
1.6799999999999999e+00 0.0000000000000000e+00 1.5368527241154299e+00 3.7693358788773505e-05 1.5368150307566413e+00
1.7400000000000000e+00 0.0000000000000000e+00 1.5778527740964801e+00 3.7548896887286295e-05 1.5778152251995927e+00
1.8000000000000000e+00 0.0000000000000000e+00 1.6151440904844401e+00 3.7407361144901869e-05 1.6151066831232952e+00
1.8600000000000001e+00 0.0000000000000000e+00 1.6483742519685300e+00 3.7268723739191295e-05 1.6483369832447909e+00
1.9199999999999999e+00 0.0000000000000000e+00 1.6772208158716100e+00 3.7132955860447457e-05 1.6771836829157496e+00
1.9800000000000000e+00 0.0000000000000000e+00 1.7014010795119301e+00 3.7000027728223693e-05 1.7013640794842018e+00
2.0400000000000000e+00 0.0000000000000000e+00 1.7206812741029800e+00 3.6869908608493026e-05 1.7206444041943716e+00
2.1000000000000001e+00 0.0000000000000000e+00 1.7348841895496201e+00 3.6742566831381482e-05 1.7348474469827888e+00
2.1600000000000001e+00 0.0000000000000000e+00 1.7438953637122601e+00 3.6617969809449156e-05 1.7438587457424506e+00
2.2200000000000002e+00 0.0000000000000000e+00 1.7476677563291401e+00 3.6496084056521168e-05 1.7476312602450836e+00
2.2799999999999998e+00 0.0000000000000000e+00 1.7462235299771800e+00 3.6376875207076237e-05 1.7461871531019730e+00
2.3399999999999999e+00 0.0000000000000000e+00 1.7396534782754300e+00 3.6260308036180610e-05 1.7396172179673939e+00
2.3999999999999999e+00 0.0000000000000000e+00 1.7281146251201400e+00 3.6146346479865743e-05 1.7280784787736601e+00
2.4600000000000000e+00 0.0000000000000000e+00 1.7118252086983501e+00 3.6034953656107399e-05 1.7117891737446940e+00
2.5200000000000000e+00 0.0000000000000000e+00 1.6910581991638900e+00 3.5926091886222163e-05 1.6910222730720037e+00
2.5800000000000001e+00 0.0000000000000000e+00 1.6661327717027401e+00 3.5819722716742087e-05 1.6660969519800233e+00
2.6400000000000001e+00 0.0000000000000000e+00 1.6374051019928899e+00 3.5715806941800753e-05 1.6373693861859482e+00
2.7000000000000002e+00 0.0000000000000000e+00 1.6052587896057400e+00 3.5614304625924937e-05 1.6052231753011141e+00
2.7599999999999998e+00 0.0000000000000000e+00 1.5700949005272400e+00 3.5515175127227540e-05 1.5700593853521128e+00
2.8199999999999998e+00 0.0000000000000000e+00 1.5323224670594600e+00 3.5418377121061733e-05 1.5322870486823390e+00
2.8799999999999999e+00 0.0000000000000000e+00 1.4923498695676001e+00 3.5323868624054792e-05 1.4923145456989759e+00
2.9399999999999999e+00 0.0000000000000000e+00 1.4505770376250300e+00 3.5231607018491369e-05 1.4505418060180115e+00
3.0000000000000000e+00 0.0000000000000000e+00 1.4073888139793600e+00 3.5141549077092720e-05 1.4073536724302829e+00
3.0600000000000001e+00 0.0000000000000000e+00 1.3631496671334600e+00 3.5053650988103516e-05 1.3631146134824719e+00
3.1200000000000001e+00 0.0000000000000000e+00 1.3181996155797400e+00 3.4967868380722994e-05 1.3181646477113593e+00
3.1800000000000002e+00 0.0000000000000000e+00 1.2728513199701901e+00 3.4884156350811394e-05 1.2728164358138392e+00
3.2400000000000002e+00 0.0000000000000000e+00 1.2273883306177999e+00 3.4802469486924038e-05 1.2273535281483130e+00
3.2999999999999998e+00 0.0000000000000000e+00 1.1820643352501199e+00 3.4722761896536554e-05 1.1820296124882232e+00
3.3599999999999999e+00 0.0000000000000000e+00 1.1371031751286900e+00 3.4644987232608911e-05 1.1370685301414574e+00
3.4199999999999999e+00 0.0000000000000000e+00 1.0926995595549001e+00 3.4569098720259832e-05 1.0926649904561798e+00
3.4800000000000000e+00 0.0000000000000000e+00 1.0490203454189599e+00 3.4495049183735563e-05 1.0489858503697762e+00
3.5400000000000000e+00 0.0000000000000000e+00 1.0062061535665701e+00 3.4422791073483700e-05 1.0061717307754965e+00
3.6000000000000001e+00 0.0000000000000000e+00 9.6437325545977004e-01 3.4352276493498614e-05 9.6433890318327653e-01
3.6600000000000001e+00 0.0000000000000000e+00 9.2361565147057900e-01 3.4283457228624479e-05 9.2358136801335033e-01
3.7200000000000002e+00 0.0000000000000000e+00 8.8400718996877103e-01 3.4216284772177382e-05 8.8397297368399885e-01
3.7799999999999998e+00 0.0000000000000000e+00 8.4560368179398304e-01 3.4150710353486228e-05 8.4556953108362953e-01
3.8399999999999999e+00 0.0000000000000000e+00 8.0844498122263897e-01 3.4086684965646579e-05 8.0841089453767334e-01
3.8999999999999999e+00 0.0000000000000000e+00 7.7255696617159297e-01 3.4024159393218227e-05 7.7252294201219973e-01
3.9600000000000000e+00 0.0000000000000000e+00 7.3795338409275901e-01 3.3963084240030858e-05 7.3791942100851893e-01
4.0199999999999996e+00 0.0000000000000000e+00 7.0463756906475405e-01 3.3903409956917619e-05 7.0460366565479715e-01
4.0800000000000001e+00 0.0000000000000000e+00 6.7260401954665905e-01 3.3845086869561226e-05 6.7257017445978950e-01
4.1399999999999997e+00 0.0000000000000000e+00 6.4183980837747900e-01 3.3788065206158462e-05 6.4180602031227285e-01
4.2000000000000002e+00 0.0000000000000000e+00 6.1232584906792598e-01 3.3732295125110597e-05 6.1229211677280082e-01
4.2599999999999998e+00 0.0000000000000000e+00 5.8403803163206602e-01 3.3677726742645605e-05 5.8400435390532335e-01
4.3200000000000003e+00 0.0000000000000000e+00 5.5694820933923594e-01 3.3624310160276018e-05 5.5691458502907565e-01
4.3799999999999999e+00 0.0000000000000000e+00 5.3102506082301004e-01 3.3571995492243117e-05 5.3099148882751779e-01
4.4400000000000004e+00 0.0000000000000000e+00 5.0623484790581796e-01 3.3520732892673163e-05 5.0620132717292532e-01
4.5000000000000000e+00 0.0000000000000000e+00 4.8254206093709101e-01 3.3470472582724950e-05 4.8250859046450828e-01
4.5599999999999996e+00 0.0000000000000000e+00 4.5990996791621203e-01 3.3421164877444628e-05 4.5987654675133460e-01
4.6200000000000001e+00 0.0000000000000000e+00 4.3830108636475401e-01 3.3372760212450734e-05 4.3826771360454159e-01
4.6799999999999997e+00 0.0000000000000000e+00 4.1767758032231400e-01 3.3325209170475249e-05 4.1764425511314351e-01
4.7400000000000002e+00 0.0000000000000000e+00 3.9800158679142500e-01 3.3278462507486359e-05 3.9796830832891750e-01
4.7999999999999998e+00 0.0000000000000000e+00 3.7923548839286497e-01 3.3232471178766993e-05 3.7920225592168622e-01
4.8600000000000003e+00 0.0000000000000000e+00 3.6134214050171398e-01 3.3187186364532346e-05 3.6130895331534946e-01
4.9199999999999999e+00 0.0000000000000000e+00 3.4428504886943700e-01 3.3142559495365702e-05 3.4425190630994162e-01
4.9800000000000004e+00 0.0000000000000000e+00 3.2802851177106401e-01 3.3098542277289303e-05 3.2799541322878673e-01
5.0400000000000000e+00 0.0000000000000000e+00 3.1253773582634198e-01 3.3055086716521457e-05 3.1250468073962545e-01
5.0999999999999996e+00 0.0000000000000000e+00 2.9777891949563601e-01 3.3012145143869568e-05 2.9774590735049211e-01
5.1600000000000001e+00 0.0000000000000000e+00 2.8371931370994302e-01 3.2969670238787934e-05 2.8368634403970422e-01
5.2199999999999998e+00 0.0000000000000000e+00 2.7032726774692500e-01 3.2927615053029833e-05 2.7029434013187198e-01
5.2800000000000002e+00 0.0000000000000000e+00 2.5757225613502899e-01 3.2885933033892817e-05 2.5753937020199508e-01
5.3399999999999999e+00 0.0000000000000000e+00 2.4542489088104599e-01 3.2844578047100365e-05 2.4539204630299891e-01
5.4000000000000004e+00 0.0000000000000000e+00 2.3385692520671600e-01 3.2803504399230775e-05 2.3382412170231676e-01
5.4600000000000000e+00 0.0000000000000000e+00 2.2284124851435599e-01 3.2762666859678760e-05 2.2280848584749632e-01
5.5199999999999996e+00 0.0000000000000000e+00 2.1235187132657299e-01 3.2722020682244521e-05 2.1231914930589074e-01
5.5800000000000001e+00 0.0000000000000000e+00 2.0236390563765400e-01 3.2681521626185044e-05 2.0233122411602780e-01
5.6399999999999997e+00 0.0000000000000000e+00 1.9285354275890401e-01 3.2641125976816328e-05 1.9282090163292720e-01
5.7000000000000002e+00 0.0000000000000000e+00 1.8379802445494900e-01 3.2600790565649192e-05 1.8376542366438334e-01
5.7599999999999998e+00 0.0000000000000000e+00 1.7517561184942099e-01 3.2560472790008126e-05 1.7514305137663097e-01
5.8200000000000003e+00 0.0000000000000000e+00 1.6696555489752599e-01 3.2520130632145340e-05 1.6693303476689383e-01
5.8799999999999999e+00 0.0000000000000000e+00 1.5914805804638099e-01 3.2479722677862592e-05 1.5911557832370313e-01
5.9400000000000004e+00 0.0000000000000000e+00 1.5170424485822301e-01 3.2439208134545154e-05 1.5167180565008848e-01
6.0000000000000000e+00 0.0000000000000000e+00 1.4461612427661599e-01 3.2398546848797877e-05 1.4458372572976719e-01
