0.0000000000000000e+00 -6.0000000000000000e+00 1.4458372572976719e-01
0.0000000000000000e+00 -5.9400000000000004e+00 1.5167180565008848e-01
0.0000000000000000e+00 -5.8799999999999999e+00 1.5911557832370313e-01
0.0000000000000000e+00 -5.8200000000000003e+00 1.6693303476689383e-01
0.0000000000000000e+00 -5.7599999999999998e+00 1.7514305137663097e-01
0.0000000000000000e+00 -5.7000000000000002e+00 1.8376542366438334e-01
0.0000000000000000e+00 -5.6399999999999997e+00 1.9282090163292720e-01
0.0000000000000000e+00 -5.5800000000000001e+00 2.0233122411602780e-01
0.0000000000000000e+00 -5.5199999999999996e+00 2.1231914930589074e-01
0.0000000000000000e+00 -5.4600000000000000e+00 2.2280848584749632e-01
0.0000000000000000e+00 -5.4000000000000004e+00 2.3382412170231676e-01
0.0000000000000000e+00 -5.3399999999999999e+00 2.4539204630299891e-01
0.0000000000000000e+00 -5.2800000000000002e+00 2.5753937020199508e-01
0.0000000000000000e+00 -5.2199999999999998e+00 2.7029434013187198e-01
0.0000000000000000e+00 -5.1600000000000001e+00 2.8368634403970422e-01
0.0000000000000000e+00 -5.0999999999999996e+00 2.9774590735049211e-01
0.0000000000000000e+00 -5.0400000000000000e+00 3.1250468073962545e-01
0.0000000000000000e+00 -4.9800000000000004e+00 3.2799541322878673e-01
0.0000000000000000e+00 -4.9199999999999999e+00 3.4425190630994162e-01
0.0000000000000000e+00 -4.8600000000000003e+00 3.6130895331534946e-01
0.0000000000000000e+00 -4.7999999999999998e+00 3.7920225592168622e-01
0.0000000000000000e+00 -4.7400000000000002e+00 3.9796830832891750e-01
0.0000000000000000e+00 -4.6799999999999997e+00 4.1764425511314351e-01
0.0000000000000000e+00 -4.6200000000000001e+00 4.3826771360454159e-01
0.0000000000000000e+00 -4.5599999999999996e+00 4.5987654675133460e-01
0.0000000000000000e+00 -4.5000000000000000e+00 4.8250859046450828e-01
0.0000000000000000e+00 -4.4400000000000004e+00 5.0620132717292532e-01
0.0000000000000000e+00 -4.3799999999999999e+00 5.3099148882751779e-01
0.0000000000000000e+00 -4.3200000000000003e+00 5.5691458502907565e-01
0.0000000000000000e+00 -4.2599999999999998e+00 5.8400435390532335e-01
0.0000000000000000e+00 -4.2000000000000002e+00 6.1229211677280082e-01
0.0000000000000000e+00 -4.1399999999999997e+00 6.4180602031227285e-01
0.0000000000000000e+00 -4.0800000000000001e+00 6.7257017445978950e-01
0.0000000000000000e+00 -4.0199999999999996e+00 7.0460366565479715e-01
0.0000000000000000e+00 -3.9600000000000000e+00 7.3791942100851893e-01
0.0000000000000000e+00 -3.8999999999999999e+00 7.7252294201219973e-01
0.0000000000000000e+00 -3.8399999999999999e+00 8.0841089453767334e-01
0.0000000000000000e+00 -3.7799999999999998e+00 8.4556953108362953e-01
0.0000000000000000e+00 -3.7200000000000002e+00 8.8397297368399885e-01
0.0000000000000000e+00 -3.6600000000000001e+00 9.2358136801335033e-01
0.0000000000000000e+00 -3.6000000000000001e+00 9.6433890318327653e-01
0.0000000000000000e+00 -3.5400000000000000e+00 1.0061717307754965e+00
0.0000000000000000e+00 -3.4800000000000000e+00 1.0489858503697762e+00
0.0000000000000000e+00 -3.4199999999999999e+00 1.0926649904561798e+00
0.0000000000000000e+00 -3.3599999999999999e+00 1.1370685301414574e+00
0.0000000000000000e+00 -3.2999999999999998e+00 1.1820296124882232e+00
0.0000000000000000e+00 -3.2400000000000002e+00 1.2273535281483130e+00
0.0000000000000000e+00 -3.1800000000000002e+00 1.2728164358138392e+00
0.0000000000000000e+00 -3.1200000000000001e+00 1.3181646477113593e+00
0.0000000000000000e+00 -3.0600000000000001e+00 1.3631146134824719e+00
0.0000000000000000e+00 -3.0000000000000000e+00 1.4073536724302829e+00
0.0000000000000000e+00 -2.9399999999999999e+00 1.4505418060180115e+00
0.0000000000000000e+00 -2.8799999999999999e+00 1.4923145456989759e+00
0.0000000000000000e+00 -2.8199999999999998e+00 1.5322870486823390e+00
0.0000000000000000e+00 -2.7599999999999998e+00 1.5700593853521128e+00
0.0000000000000000e+00 -2.7000000000000002e+00 1.6052231753011141e+00
0.0000000000000000e+00 -2.6400000000000001e+00 1.6373693861859482e+00
0.0000000000000000e+00 -2.5800000000000001e+00 1.6660969519800233e+00
0.0000000000000000e+00 -2.5200000000000000e+00 1.6910222730720037e+00
0.0000000000000000e+00 -2.4600000000000000e+00 1.7117891737446940e+00
0.0000000000000000e+00 -2.3999999999999999e+00 1.7280784787736601e+00
0.0000000000000000e+00 -2.3399999999999999e+00 1.7396172179673939e+00
0.0000000000000000e+00 -2.2799999999999998e+00 1.7461871531019730e+00
0.0000000000000000e+00 -2.2200000000000002e+00 1.7476312602450836e+00
0.0000000000000000e+00 -2.1600000000000001e+00 1.7438587457424506e+00
0.0000000000000000e+00 -2.1000000000000001e+00 1.7348474469827888e+00
0.0000000000000000e+00 -2.0400000000000000e+00 1.7206444041943716e+00
0.0000000000000000e+00 -1.9800000000000000e+00 1.7013640794842018e+00
0.0000000000000000e+00 -1.9199999999999999e+00 1.6771836829157496e+00
0.0000000000000000e+00 -1.8600000000000001e+00 1.6483369832447909e+00
0.0000000000000000e+00 -1.8000000000000000e+00 1.6151066831232952e+00
0.0000000000000000e+00 -1.7400000000000000e+00 1.5778152251995927e+00
0.0000000000000000e+00 -1.6799999999999999e+00 1.5368150307566413e+00
0.0000000000000000e+00 -1.6200000000000001e+00 1.4924787473830414e+00
0.0000000000000000e+00 -1.5600000000000001e+00 1.4451895236030130e+00
0.0000000000000000e+00 -1.5000000000000000e+00 1.3953319030607885e+00
0.0000000000000000e+00 -1.4399999999999999e+00 1.3432837622112785e+00
0.0000000000000000e+00 -1.3799999999999999e+00 1.2894092973949447e+00
0.0000000000000000e+00 -1.3200000000000001e+00 1.2340531912110420e+00
0.0000000000000000e+00 -1.2600000000000000e+00 1.1775361063885821e+00
0.0000000000000000e+00 -1.2000000000000000e+00 1.1201514373225649e+00
0.0000000000000000e+00 -1.1399999999999999e+00 1.0621631300910679e+00
0.0000000000000000e+00 -1.0800000000000001e+00 1.0038045590113889e+00
0.0000000000000000e+00 -1.0200000000000000e+00 9.4527832745082263e-01
0.0000000000000000e+00 -9.5999999999999996e-01 8.8675673544549505e-01
0.0000000000000000e+00 -9.0000000000000002e-01 8.2838283786311007e-01
0.0000000000000000e+00 -8.3999999999999997e-01 7.7027197059737251e-01
0.0000000000000000e+00 -7.8000000000000003e-01 7.1251355321767107e-01
0.0000000000000000e+00 -7.1999999999999997e-01 6.5517309253807876e-01
0.0000000000000000e+00 -6.6000000000000003e-01 5.9829430892183155e-01
0.0000000000000000e+00 -5.9999999999999998e-01 5.4190128696593054e-01
0.0000000000000000e+00 -5.4000000000000004e-01 4.8600060145148261e-01
0.0000000000000000e+00 -4.7999999999999998e-01 4.3058338744764352e-01
0.0000000000000000e+00 -4.1999999999999998e-01 3.7562731532109167e-01
0.0000000000000000e+00 -3.5999999999999999e-01 3.2109846086040555e-01
0.0000000000000000e+00 -2.9999999999999999e-01 2.6695306775847927e-01
0.0000000000000000e+00 -2.3999999999999999e-01 2.1313918733428680e-01
0.0000000000000000e+00 -1.7999999999999999e-01 1.5959822163303597e-01
0.0000000000000000e+00 -1.2000000000000000e-01 1.0626637805507896e-01
0.0000000000000000e+00 -5.9999999999999998e-02 5.3076028825318568e-02
0.0000000000000000e+00 0.0000000000000000e+00 0.0000000000000000e+00
0.0000000000000000e+00 5.9999999999999998e-02 5.3076028825318568e-02
0.0000000000000000e+00 1.2000000000000000e-01 1.0626637805507896e-01
0.0000000000000000e+00 1.7999999999999999e-01 1.5959822163303597e-01
0.0000000000000000e+00 2.3999999999999999e-01 2.1313918733428680e-01
0.0000000000000000e+00 2.9999999999999999e-01 2.6695306775847927e-01
0.0000000000000000e+00 3.5999999999999999e-01 3.2109846086040555e-01
0.0000000000000000e+00 4.1999999999999998e-01 3.7562731532109167e-01
0.0000000000000000e+00 4.7999999999999998e-01 4.3058338744764352e-01
0.0000000000000000e+00 5.4000000000000004e-01 4.8600060145148261e-01
0.0000000000000000e+00 5.9999999999999998e-01 5.4190128696593054e-01
0.0000000000000000e+00 6.6000000000000003e-01 5.9829430892183155e-01
0.0000000000000000e+00 7.1999999999999997e-01 6.5517309253807876e-01
0.0000000000000000e+00 7.8000000000000003e-01 7.1251355321767107e-01
0.0000000000000000e+00 8.3999999999999997e-01 7.7027197059737251e-01
0.0000000000000000e+00 9.0000000000000002e-01 8.2838283786311007e-01
0.0000000000000000e+00 9.5999999999999996e-01 8.8675673544549505e-01
0.0000000000000000e+00 1.0200000000000000e+00 9.4527832745082263e-01
0.0000000000000000e+00 1.0800000000000001e+00 1.0038045590113889e+00
0.0000000000000000e+00 1.1399999999999999e+00 1.0621631300910679e+00
0.0000000000000000e+00 1.2000000000000000e+00 1.1201514373225649e+00
0.0000000000000000e+00 1.2600000000000000e+00 1.1775361063885821e+00
0.0000000000000000e+00 1.3200000000000001e+00 1.2340531912110420e+00
0.0000000000000000e+00 1.3799999999999999e+00 1.2894092973949447e+00
0.0000000000000000e+00 1.4399999999999999e+00 1.3432837622112785e+00
0.0000000000000000e+00 1.5000000000000000e+00 1.3953319030607885e+00
0.0000000000000000e+00 1.5600000000000001e+00 1.4451895236030130e+00
0.0000000000000000e+00 1.6200000000000001e+00 1.4924787473830414e+00
0.0000000000000000e+00 1.6799999999999999e+00 1.5368150307566413e+00
0.0000000000000000e+00 1.7400000000000000e+00 1.5778152251995927e+00
0.0000000000000000e+00 1.8000000000000000e+00 1.6151066831232952e+00
0.0000000000000000e+00 1.8600000000000001e+00 1.6483369832447909e+00
0.0000000000000000e+00 1.9199999999999999e+00 1.6771836829157496e+00
0.0000000000000000e+00 1.9800000000000000e+00 1.7013640794842018e+00
0.0000000000000000e+00 2.0400000000000000e+00 1.7206444041943716e+00
0.0000000000000000e+00 2.1000000000000001e+00 1.7348474469827888e+00
0.0000000000000000e+00 2.1600000000000001e+00 1.7438587457424506e+00
0.0000000000000000e+00 2.2200000000000002e+00 1.7476312602450836e+00
0.0000000000000000e+00 2.2799999999999998e+00 1.7461871531019730e+00
0.0000000000000000e+00 2.3399999999999999e+00 1.7396172179673939e+00
0.0000000000000000e+00 2.3999999999999999e+00 1.7280784787736601e+00
0.0000000000000000e+00 2.4600000000000000e+00 1.7117891737446940e+00
0.0000000000000000e+00 2.5200000000000000e+00 1.6910222730720037e+00
0.0000000000000000e+00 2.5800000000000001e+00 1.6660969519800233e+00
0.0000000000000000e+00 2.6400000000000001e+00 1.6373693861859482e+00
0.0000000000000000e+00 2.7000000000000002e+00 1.6052231753011141e+00
0.0000000000000000e+00 2.7599999999999998e+00 1.5700593853521128e+00
0.0000000000000000e+00 2.8199999999999998e+00 1.5322870486823390e+00
0.0000000000000000e+00 2.8799999999999999e+00 1.4923145456989759e+00
0.0000000000000000e+00 2.9399999999999999e+00 1.4505418060180115e+00
0.0000000000000000e+00 3.0000000000000000e+00 1.4073536724302829e+00
0.0000000000000000e+00 3.0600000000000001e+00 1.3631146134824719e+00
0.0000000000000000e+00 3.1200000000000001e+00 1.3181646477113593e+00
0.0000000000000000e+00 3.1800000000000002e+00 1.2728164358138392e+00
0.0000000000000000e+00 3.2400000000000002e+00 1.2273535281483130e+00
0.0000000000000000e+00 3.2999999999999998e+00 1.1820296124882232e+00
0.0000000000000000e+00 3.3599999999999999e+00 1.1370685301414574e+00
0.0000000000000000e+00 3.4199999999999999e+00 1.0926649904561798e+00
0.0000000000000000e+00 3.4800000000000000e+00 1.0489858503697762e+00
0.0000000000000000e+00 3.5400000000000000e+00 1.0061717307754965e+00
0.0000000000000000e+00 3.6000000000000001e+00 9.6433890318327653e-01
0.0000000000000000e+00 3.6600000000000001e+00 9.2358136801335033e-01
0.0000000000000000e+00 3.7200000000000002e+00 8.8397297368399885e-01
0.0000000000000000e+00 3.7799999999999998e+00 8.4556953108362953e-01
0.0000000000000000e+00 3.8399999999999999e+00 8.0841089453767334e-01
0.0000000000000000e+00 3.8999999999999999e+00 7.7252294201219973e-01
0.0000000000000000e+00 3.9600000000000000e+00 7.3791942100851893e-01
0.0000000000000000e+00 4.0199999999999996e+00 7.0460366565479715e-01
0.0000000000000000e+00 4.0800000000000001e+00 6.7257017445978950e-01
0.0000000000000000e+00 4.1399999999999997e+00 6.4180602031227285e-01
0.0000000000000000e+00 4.2000000000000002e+00 6.1229211677280082e-01
0.0000000000000000e+00 4.2599999999999998e+00 5.8400435390532335e-01
0.0000000000000000e+00 4.3200000000000003e+00 5.5691458502907565e-01
0.0000000000000000e+00 4.3799999999999999e+00 5.3099148882751779e-01
0.0000000000000000e+00 4.4400000000000004e+00 5.0620132717292532e-01
0.0000000000000000e+00 4.5000000000000000e+00 4.8250859046450828e-01
0.0000000000000000e+00 4.5599999999999996e+00 4.5987654675133460e-01
0.0000000000000000e+00 4.6200000000000001e+00 4.3826771360454159e-01
0.0000000000000000e+00 4.6799999999999997e+00 4.1764425511314351e-01
0.0000000000000000e+00 4.7400000000000002e+00 3.9796830832891750e-01
0.0000000000000000e+00 4.7999999999999998e+00 3.7920225592168622e-01
0.0000000000000000e+00 4.8600000000000003e+00 3.6130895331534946e-01
0.0000000000000000e+00 4.9199999999999999e+00 3.4425190630994162e-01
0.0000000000000000e+00 4.9800000000000004e+00 3.2799541322878673e-01
0.0000000000000000e+00 5.0400000000000000e+00 3.1250468073962545e-01
0.0000000000000000e+00 5.0999999999999996e+00 2.9774590735049211e-01
0.0000000000000000e+00 5.1600000000000001e+00 2.8368634403970422e-01
0.0000000000000000e+00 5.2199999999999998e+00 2.7029434013187198e-01
0.0000000000000000e+00 5.2800000000000002e+00 2.5753937020199508e-01
0.0000000000000000e+00 5.3399999999999999e+00 2.4539204630299891e-01
0.0000000000000000e+00 5.4000000000000004e+00 2.3382412170231676e-01
0.0000000000000000e+00 5.4600000000000000e+00 2.2280848584749632e-01
0.0000000000000000e+00 5.5199999999999996e+00 2.1231914930589074e-01
0.0000000000000000e+00 5.5800000000000001e+00 2.0233122411602780e-01
0.0000000000000000e+00 5.6399999999999997e+00 1.9282090163292720e-01
0.0000000000000000e+00 5.7000000000000002e+00 1.8376542366438334e-01
0.0000000000000000e+00 5.7599999999999998e+00 1.7514305137663097e-01
0.0000000000000000e+00 5.8200000000000003e+00 1.6693303476689383e-01
0.0000000000000000e+00 5.8799999999999999e+00 1.5911557832370313e-01
0.0000000000000000e+00 5.9400000000000004e+00 1.5167180565008848e-01
0.0000000000000000e+00 6.0000000000000000e+00 1.4458372572976719e-01
