# r y true pred abs_error
0.0000000000000000e+00 0.0000000000000000e+00 6.9447447981169072e-14 5.5920407506557695e-17 6.9391527573662520e-14
1.0016694490818030e-02 0.0000000000000000e+00 8.8679133715899288e-03 7.1406127062661479e-06 8.8607727588836619e-03
2.0033388981636060e-02 0.0000000000000000e+00 1.7735826743110413e-02 1.4281225412476376e-05 1.7721545517697938e-02
3.0050083472454088e-02 0.0000000000000000e+00 2.6603740114630892e-02 2.1421838118686605e-05 2.6582318276512206e-02
4.0066777963272120e-02 0.0000000000000000e+00 3.5471653486152138e-02 2.8562450824897442e-05 3.5443091035327244e-02
5.0083472454090151e-02 0.0000000000000000e+00 4.4339566857672617e-02 3.5703063531107675e-05 4.4303863794141508e-02
6.0100166944908176e-02 0.0000000000000000e+00 5.3207599291138566e-02 4.2771886088457770e-05 5.3164827405050109e-02
7.0116861435726208e-02 0.0000000000000000e+00 6.2087418857200878e-02 4.2733483911464270e-05 6.2044685373289415e-02
8.0133555926544239e-02 0.0000000000000000e+00 7.0967238423263176e-02 4.2695081734470765e-05 7.0924543341528701e-02
9.0150250417362271e-02 0.0000000000000000e+00 7.9847057989326245e-02 4.2656679557477259e-05 7.9804401309768763e-02
1.0016694490818030e-01 0.0000000000000000e+00 8.8726877555388564e-02 4.2618277380483760e-05 8.8684259278008076e-02
1.1018363939899833e-01 0.0000000000000000e+00 9.7606697121451633e-02 4.2579875203490260e-05 9.7564117246248139e-02
1.2020033388981635e-01 0.0000000000000000e+00 1.0648698913362072e-01 4.2541483913819523e-05 1.0644444764970690e-01
1.3021702838063440e-01 0.0000000000000000e+00 1.1539043100501750e-01 4.2503626102963965e-05 1.1534792737891454e-01
1.4023372287145242e-01 0.0000000000000000e+00 1.2429387287641504e-01 4.2465768292108394e-05 1.2425140710812294e-01
1.5025041736227046e-01 0.0000000000000000e+00 1.3319731474781180e-01 4.2427910481252829e-05 1.3315488683733054e-01
1.6026711185308848e-01 0.0000000000000000e+00 1.4210075661920854e-01 4.2390052670397272e-05 1.4205836656653814e-01
1.7028380634390650e-01 0.0000000000000000e+00 1.5100419849060531e-01 4.2352194859541707e-05 1.5096184629574577e-01
1.8030050083472454e-01 0.0000000000000000e+00 1.5990868773455816e-01 4.2314353393683832e-05 1.5986637338116447e-01
1.9031719532554256e-01 0.0000000000000000e+00 1.6884704202446013e-01 4.2277040416084740e-05 1.6880476498404404e-01
2.0033388981636061e-01 0.0000000000000000e+00 1.7778539631436210e-01 4.2239727438485635e-05 1.7774315658692361e-01
2.1035058430717862e-01 0.0000000000000000e+00 1.8672375060426413e-01 4.2202414460886537e-05 1.8668154818980326e-01
2.2036727879799667e-01 0.0000000000000000e+00 1.9566210489416613e-01 4.2165101483287438e-05 1.9561993979268286e-01
2.3038397328881469e-01 0.0000000000000000e+00 2.0460045918406883e-01 4.2127788505688340e-05 2.0455833139556315e-01
2.4040066777963270e-01 0.0000000000000000e+00 2.1354063596470954e-01 4.2090497332125310e-05 2.1349854546737743e-01
2.5041736227045075e-01 0.0000000000000000e+00 2.2252455252307507e-01 4.2053729455428046e-05 2.2248249879361964e-01
2.6043405676126880e-01 0.0000000000000000e+00 2.3150846908144054e-01 4.2016961578730790e-05 2.3146645211986180e-01
2.7045075125208679e-01 0.0000000000000000e+00 2.4049238563980607e-01 4.1980193702033540e-05 2.4045040544610405e-01
2.8046744574290483e-01 0.0000000000000000e+00 2.4947630219817235e-01 4.1943425825336284e-05 2.4943435877234701e-01
2.9048414023372288e-01 0.0000000000000000e+00 2.5846021875653780e-01 4.1906657948639034e-05 2.5841831209858918e-01
3.0050083472454092e-01 0.0000000000000000e+00 2.6744690255983927e-01 4.1869917330389887e-05 2.6740503264250887e-01
3.1051752921535891e-01 0.0000000000000000e+00 2.7648616401691867e-01 4.1833694622654613e-05 2.7644433032229604e-01
3.2053422370617696e-01 0.0000000000000000e+00 2.8552542547399812e-01 4.1797471914919360e-05 2.8548362800208321e-01
3.3055091819699500e-01 0.0000000000000000e+00 2.9456468693107835e-01 4.1761249207184086e-05 2.9452292568187116e-01
3.4056761268781299e-01 0.0000000000000000e+00 3.0360394838815852e-01 4.1725026499448819e-05 3.0356222336165906e-01
3.5058430717863104e-01 0.0000000000000000e+00 3.1264320984523786e-01 4.1688803791713552e-05 3.1260152104144612e-01
3.6060100166944908e-01 0.0000000000000000e+00 3.2168631235029954e-01 4.1652613786224029e-05 3.2164465973651329e-01
3.7061769616026713e-01 0.0000000000000000e+00 3.3078959127374524e-01 4.1616936115917899e-05 3.3074797433762931e-01
3.8063439065108512e-01 0.0000000000000000e+00 3.3989287019719167e-01 4.1581258445611755e-05 3.3985128893874605e-01
3.9065108514190316e-01 0.0000000000000000e+00 3.4899614912063742e-01 4.1545580775305631e-05 3.4895460353986213e-01
4.0066777963272121e-01 0.0000000000000000e+00 3.5809942804408312e-01 4.1509903104999487e-05 3.5805791814097815e-01
4.1068447412353920e-01 0.0000000000000000e+00 3.6720270696752882e-01 4.1474225434693356e-05 3.6716123274209411e-01
4.2070116861435725e-01 0.0000000000000000e+00 3.7631097845608430e-01 4.1438585893835135e-05 3.7626953987019046e-01
4.3071786310517529e-01 0.0000000000000000e+00 3.8548557973823816e-01 4.1403452929927948e-05 3.8544417628530825e-01
4.4073455759599334e-01 0.0000000000000000e+00 3.9466018102039124e-01 4.1368319966020755e-05 3.9461881270042520e-01
4.5075125208681133e-01 0.0000000000000000e+00 4.0383478230254438e-01 4.1333187002113575e-05 4.0379344911554227e-01
4.6076794657762937e-01 0.0000000000000000e+00 4.1300938358469741e-01 4.1298054038206381e-05 4.1296808553065922e-01
4.7078464106844742e-01 0.0000000000000000e+00 4.2218398486685044e-01 4.1262921074299201e-05 4.2214272194577612e-01
4.8080133555926541e-01 0.0000000000000000e+00 4.3136474501560773e-01 4.1227831644477937e-05 4.3132351718396328e-01
4.9081803005008345e-01 0.0000000000000000e+00 4.4061633213029877e-01 4.1193242856644852e-05 4.4057513888744215e-01
5.0083472454090150e-01 0.0000000000000000e+00 4.4986791924498970e-01 4.1158654068811788e-05 4.4982676059092092e-01
5.1085141903171949e-01 0.0000000000000000e+00 4.5911950635968063e-01 4.1124065280978703e-05 4.5907838229439962e-01
5.2086811352253759e-01 0.0000000000000000e+00 4.6837109347437156e-01 4.1089476493145626e-05 4.6833000399787839e-01
5.3088480801335558e-01 0.0000000000000000e+00 4.7762268058906343e-01 4.1054887705312548e-05 4.7758162570135809e-01
5.4090150250417357e-01 0.0000000000000000e+00 4.8688153193229000e-01 4.1020347827688069e-05 4.8684051158446229e-01
5.5091819699499167e-01 0.0000000000000000e+00 4.9621383269737501e-01 4.0986302486617219e-05 4.9617284639488840e-01
5.6093489148580966e-01 0.0000000000000000e+00 5.0554613346245825e-01 4.0952257145546383e-05 5.0550518120531274e-01
5.7095158597662765e-01 0.0000000000000000e+00 5.1487843422754331e-01 4.0918211804475533e-05 5.1483751601573879e-01
5.8096828046744575e-01 0.0000000000000000e+00 5.2421073499262827e-01 4.0884166463404683e-05 5.2416985082616485e-01
5.9098497495826374e-01 0.0000000000000000e+00 5.3354303575771245e-01 4.0850121122333832e-05 5.3350218563659013e-01
6.0100166944908184e-01 0.0000000000000000e+00 5.4288355588324999e-01 4.0816130033150802e-05 5.4284273975321684e-01
6.1101836393989983e-01 0.0000000000000000e+00 5.5229805025286505e-01 4.0782627210958148e-05 5.5225726762565408e-01
6.2103505843071782e-01 0.0000000000000000e+00 5.6171254462248033e-01 4.0749124388765488e-05 5.6167179549809154e-01
6.3105175292153592e-01 0.0000000000000000e+00 5.7112703899209627e-01 4.0715621566572814e-05 5.7108632337052967e-01
6.4106844741235391e-01 0.0000000000000000e+00 5.8054153336171166e-01 4.0682118744380154e-05 5.8050085124296724e-01
6.5108514190317190e-01 0.0000000000000000e+00 5.8995602773132683e-01 4.0648615922187508e-05 5.8991537911540459e-01
6.6110183639399001e-01 0.0000000000000000e+00 5.9937944265843168e-01 4.0615172653218873e-05 5.9933882748577849e-01
6.7111853088480800e-01 0.0000000000000000e+00 6.0887503300522383e-01 4.0582211223971967e-05 6.0883445079399989e-01
6.8113522537562599e-01 0.0000000000000000e+00 6.1837062335201698e-01 4.0549249794725067e-05 6.1833007410222229e-01
6.9115191986644409e-01 0.0000000000000000e+00 6.2786621369880902e-01 4.0516288365478160e-05 6.2782569741044358e-01
7.0116861435726208e-01 0.0000000000000000e+00 6.3736180404560117e-01 4.0483326936231267e-05 6.3732132071866499e-01
7.1118530884808018e-01 0.0000000000000000e+00 6.4685739439239343e-01 4.0450365506984366e-05 6.4681694402688639e-01
7.2120200333889817e-01 0.0000000000000000e+00 6.5636223376018810e-01 4.0417468886088725e-05 6.5632181629130204e-01
7.3121869782971616e-01 0.0000000000000000e+00 6.6593489928199978e-01 4.0385047526435607e-05 6.6589451423447332e-01
7.4123539232053426e-01 0.0000000000000000e+00 6.7550756480381069e-01 4.0352626166782510e-05 6.7546721217764394e-01
7.5125208681135225e-01 0.0000000000000000e+00 6.8508023032562149e-01 4.0320204807129406e-05 6.8503991012081433e-01
7.6126878130217024e-01 0.0000000000000000e+00 6.9465289584743251e-01 4.0287783447476302e-05 6.9461260806398506e-01
7.7128547579298834e-01 0.0000000000000000e+00 7.0422556136924319e-01 4.0255362087823199e-05 7.0418530600715534e-01
7.8130217028380633e-01 0.0000000000000000e+00 7.1380729780764751e-01 4.0223010739613399e-05 7.1376707479690793e-01
7.9131886477462432e-01 0.0000000000000000e+00 7.2344973961093018e-01 4.0191127929524161e-05 7.2340954848300065e-01
8.0133555926544242e-01 0.0000000000000000e+00 7.3309218141421451e-01 4.0159245119434935e-05 7.3305202216909504e-01
8.1135225375626041e-01 0.0000000000000000e+00 7.4273462321749772e-01 4.0127362309345703e-05 7.4269449585518843e-01
8.2136894824707840e-01 0.0000000000000000e+00 7.5237706502078228e-01 4.0095479499256464e-05 7.5233696954128304e-01
8.3138564273789650e-01 0.0000000000000000e+00 7.6201950682406572e-01 4.0063596689167232e-05 7.6197944322737654e-01
8.4140233722871449e-01 0.0000000000000000e+00 7.7167018626244688e-01 4.0031789035796346e-05 7.7163015447341110e-01
8.5141903171953259e-01 0.0000000000000000e+00 7.8137146831642657e-01 4.0000443059409571e-05 7.8133146787336716e-01
8.6143572621035058e-01 0.0000000000000000e+00 7.9107275037040625e-01 3.9969097083022790e-05 7.9103278127332322e-01
8.7145242070116857e-01 0.0000000000000000e+00 8.0077403242438672e-01 3.9937751106636015e-05 8.0073409467328005e-01
8.8146911519198667e-01 0.0000000000000000e+00 8.1047531447836640e-01 3.9906405130249234e-05 8.1043540807323611e-01
8.9148580968280466e-01 0.0000000000000000e+00 8.2017659653234598e-01 3.9875059153862459e-05 8.2013672147319217e-01
9.0150250417362265e-01 0.0000000000000000e+00 8.2988446540237348e-01 3.9843793415921048e-05 8.2984462160895756e-01
9.1151919866444076e-01 0.0000000000000000e+00 8.3962965956333746e-01 3.9812982362503353e-05 8.3958984658097491e-01
9.2153589315525875e-01 0.0000000000000000e+00 8.4937485372430210e-01 3.9782171309085657e-05 8.4933507155299304e-01
9.3155258764607674e-01 0.0000000000000000e+00 8.5912004788526619e-01 3.9751360255667968e-05 8.5908029652501050e-01
9.4156928213689484e-01 0.0000000000000000e+00 8.6886524204623017e-01 3.9720549202250286e-05 8.6882552149702796e-01
9.5158597662771283e-01 0.0000000000000000e+00 8.7861043620719403e-01 3.9689738148832591e-05 8.7857074646904521e-01
9.6160267111853082e-01 0.0000000000000000e+00 8.8835957554650924e-01 3.9659012346363543e-05 8.8831991653416287e-01
9.7161936560934892e-01 0.0000000000000000e+00 8.9812942707216947e-01 3.9628734111374873e-05 8.9808979833805813e-01
9.8163606010016691e-01 0.0000000000000000e+00 9.0789927859782860e-01 3.9598455876386204e-05 9.0785968014195217e-01
9.9165275459098501e-01 0.0000000000000000e+00 9.1766913012348894e-01 3.9568177641397541e-05 9.1762956194584755e-01
1.0016694490818030e+00 0.0000000000000000e+00 9.2743898164914718e-01 3.9537899406408878e-05 9.2739944374974081e-01
1.0116861435726210e+00 0.0000000000000000e+00 9.3720883317480752e-01 3.9507621171420209e-05 9.3716932555363608e-01
1.0217028380634390e+00 0.0000000000000000e+00 9.4697881646417614e-01 3.9477433125045834e-05 9.4693933903105110e-01
1.0317195325542572e+00 0.0000000000000000e+00 9.5674944307048082e-01 3.9447685411317719e-05 9.5670999538506951e-01
1.0417362270450752e+00 0.0000000000000000e+00 9.6652006967678483e-01 3.9417937697589605e-05 9.6648065173908726e-01
1.0517529215358932e+00 0.0000000000000000e+00 9.7629069628308862e-01 3.9388189983861491e-05 9.7625130809310479e-01
1.0617696160267112e+00 0.0000000000000000e+00 9.8606132288939241e-01 3.9358442270133370e-05 9.8602196444712231e-01
1.0717863105175292e+00 0.0000000000000000e+00 9.9583194949569720e-01 3.9328694556405249e-05 9.9579262080114084e-01
1.0818030050083471e+00 0.0000000000000000e+00 1.0055975379856010e+00 3.9299041888572070e-05 1.0055582389437125e+00
1.0918196994991654e+00 0.0000000000000000e+00 1.0153401750563504e+00 3.9269822207593587e-05 1.0153009052341428e+00
1.1018363939899833e+00 0.0000000000000000e+00 1.0250828121271001e+00 3.9240602526615105e-05 1.0250435715245734e+00
1.1118530884808013e+00 0.0000000000000000e+00 1.0348254491978497e+00 3.9211382845636623e-05 1.0347862378150041e+00
1.1218697829716193e+00 0.0000000000000000e+00 1.0445680862685995e+00 3.9182163164658141e-05 1.0445289041054349e+00
1.1318864774624373e+00 0.0000000000000000e+00 1.0543107233393489e+00 3.9152943483679652e-05 1.0542715703958652e+00
1.1419031719532553e+00 0.0000000000000000e+00 1.0640416159137296e+00 3.9123823620016512e-05 1.0640024920901097e+00
1.1519198664440735e+00 0.0000000000000000e+00 1.0737224398456959e+00 3.9095129293329282e-05 1.0736833447164027e+00
1.1619365609348915e+00 0.0000000000000000e+00 1.0834032637776625e+00 3.9066434966642065e-05 1.0833641973426960e+00
1.1719532554257095e+00 0.0000000000000000e+00 1.0930840877096297e+00 3.9037740639954835e-05 1.0930450499689899e+00
1.1819699499165275e+00 0.0000000000000000e+00 1.1027649116415963e+00 3.9009046313267619e-05 1.1027259025952829e+00
1.1919866444073455e+00 0.0000000000000000e+00 1.1124457355735626e+00 3.8980351986580395e-05 1.1124067552215759e+00
1.2020033388981637e+00 0.0000000000000000e+00 1.1221064047464051e+00 3.8951762157371679e-05 1.1220674529842478e+00
1.2120200333889817e+00 0.0000000000000000e+00 1.1316864548827481e+00 3.8923590318076966e-05 1.1316475312924301e+00
1.2220367278797997e+00 0.0000000000000000e+00 1.1412665050190933e+00 3.8895418478782253e-05 1.1412276096006146e+00
1.2320534223706177e+00 0.0000000000000000e+00 1.1508465551554361e+00 3.8867246639487532e-05 1.1508076879087965e+00
1.2420701168614356e+00 0.0000000000000000e+00 1.1604266052917811e+00 3.8839074800192819e-05 1.1603877662169808e+00
1.2520868113522536e+00 0.0000000000000000e+00 1.1700066554281239e+00 3.8810902960898113e-05 1.1699678445251629e+00
1.2621035058430718e+00 0.0000000000000000e+00 1.1795562895314540e+00 3.8782840202673023e-05 1.1795175066912513e+00
1.2721202003338898e+00 0.0000000000000000e+00 1.1889915014153529e+00 3.8755187797043220e-05 1.1889527462275560e+00
1.2821368948247078e+00 0.0000000000000000e+00 1.1984267132992508e+00 3.8727535391413410e-05 1.1983879857638593e+00
1.2921535893155258e+00 0.0000000000000000e+00 1.2078619251831491e+00 3.8699882985783608e-05 1.2078232253001633e+00
1.3021702838063438e+00 0.0000000000000000e+00 1.2172971370670467e+00 3.8672230580153798e-05 1.2172584648364666e+00
1.3121869782971620e+00 0.0000000000000000e+00 1.2267323489509450e+00 3.8644578174523989e-05 1.2266937043727704e+00
1.3222036727879800e+00 0.0000000000000000e+00 1.2361249206645188e+00 3.8617039331757787e-05 1.2360863036251870e+00
1.3322203672787980e+00 0.0000000000000000e+00 1.2453663135923985e+00 3.8589903120962542e-05 1.2453277236892775e+00
1.3422370617696160e+00 0.0000000000000000e+00 1.2546077065202781e+00 3.8562766910167297e-05 1.2545691437533679e+00
1.3522537562604340e+00 0.0000000000000000e+00 1.2638490994481579e+00 3.8535630699372051e-05 1.2638105638174586e+00
1.3622704507512520e+00 0.0000000000000000e+00 1.2730904923760376e+00 3.8508494488576813e-05 1.2730519838815491e+00
1.3722871452420702e+00 0.0000000000000000e+00 1.2823318853039178e+00 3.8481358277781567e-05 1.2822934039456400e+00
1.3823038397328882e+00 0.0000000000000000e+00 1.2915163872788591e+00 3.8454340004714238e-05 1.2914779329388544e+00
1.3923205342237062e+00 0.0000000000000000e+00 1.3005104282374464e+00 3.8427716566649085e-05 1.3004720005208799e+00
1.4023372287145242e+00 0.0000000000000000e+00 1.3095044691960342e+00 3.8401093128583919e-05 1.3094660681029056e+00
1.4123539232053421e+00 0.0000000000000000e+00 1.3184985101546216e+00 3.8374469690518760e-05 1.3184601356849310e+00
1.4223706176961604e+00 0.0000000000000000e+00 1.3274925511132096e+00 3.8347846252453601e-05 1.3274542032669572e+00
1.4323873121869783e+00 0.0000000000000000e+00 1.3364865920717981e+00 3.8321222814388448e-05 1.3364482708489838e+00
1.4424040066777963e+00 0.0000000000000000e+00 1.3454074582357163e+00 3.8294721576953058e-05 1.3453691635141394e+00
1.4524207011686143e+00 0.0000000000000000e+00 1.3540966042165250e+00 3.8268607308178580e-05 1.3540583356092168e+00
1.4624373956594323e+00 0.0000000000000000e+00 1.3627857501973326e+00 3.8242493039404108e-05 1.3627475077042932e+00
1.4724540901502503e+00 0.0000000000000000e+00 1.3714748961781413e+00 3.8216378770629629e-05 1.3714366797993707e+00
1.4824707846410685e+00 0.0000000000000000e+00 1.3801640421589489e+00 3.8190264501855157e-05 1.3801258518944470e+00
1.4924874791318865e+00 0.0000000000000000e+00 1.3888531881397570e+00 3.8164150233080692e-05 1.3888150239895238e+00
1.5025041736227045e+00 0.0000000000000000e+00 1.3974509101940182e+00 3.8138162310946909e-05 1.3974127720317073e+00
1.5125208681135225e+00 0.0000000000000000e+00 1.4057743604686463e+00 3.8112553428735196e-05 1.4057362479152176e+00
1.5225375626043405e+00 0.0000000000000000e+00 1.4140978107432740e+00 3.8086944546523476e-05 1.4140597237987276e+00
1.5325542570951585e+00 0.0000000000000000e+00 1.4224212610179015e+00 3.8061335664311755e-05 1.4223831996822371e+00
1.5425709515859767e+00 0.0000000000000000e+00 1.4307447112925289e+00 3.8035726782100042e-05 1.4307066755657467e+00
1.5525876460767947e+00 0.0000000000000000e+00 1.4390681615671568e+00 3.8010117899888329e-05 1.4390301514492569e+00
1.5626043405676127e+00 0.0000000000000000e+00 1.4472801289741288e+00 3.7984639388617959e-05 1.4472421443347403e+00
1.5726210350584306e+00 0.0000000000000000e+00 1.4551747989885475e+00 3.7959531933103719e-05 1.4551368394566144e+00
1.5826377295492486e+00 0.0000000000000000e+00 1.4630694690029666e+00 3.7934424477589464e-05 1.4630315345784890e+00
1.5926544240400669e+00 0.0000000000000000e+00 1.4709641390173853e+00 3.7909317022075223e-05 1.4709262297003634e+00
1.6026711185308848e+00 0.0000000000000000e+00 1.4788588090318047e+00 3.7884209566560969e-05 1.4788209248222381e+00
1.6126878130217028e+00 0.0000000000000000e+00 1.4867534790462240e+00 3.7859102111046721e-05 1.4867156199441129e+00
1.6227045075125208e+00 0.0000000000000000e+00 1.4945150450363556e+00 3.7834128924359067e-05 1.4944772109074311e+00
1.6327212020033388e+00 0.0000000000000000e+00 1.5019167371830533e+00 3.7809518760795134e-05 1.5018789276642925e+00
1.6427378964941568e+00 0.0000000000000000e+00 1.5093184293297506e+00 3.7784908597231201e-05 1.5092806444211533e+00
1.6527545909849750e+00 0.0000000000000000e+00 1.5167201214764485e+00 3.7760298433667275e-05 1.5166823611780149e+00
1.6627712854757930e+00 0.0000000000000000e+00 1.5241218136231478e+00 3.7735688270103343e-05 1.5240840779348777e+00
1.6727879799666110e+00 0.0000000000000000e+00 1.5315235057698446e+00 3.7711078106539410e-05 1.5314857946917382e+00
1.6828046744574290e+00 0.0000000000000000e+00 1.5387692539977174e+00 3.7686605978687163e-05 1.5387315673917388e+00
1.6928213689482470e+00 0.0000000000000000e+00 1.5456140035771910e+00 3.7662488799807839e-05 1.5455763410883911e+00
1.7028380634390652e+00 0.0000000000000000e+00 1.5524587531566658e+00 3.7638371620928503e-05 1.5524211147850449e+00
1.7128547579298832e+00 0.0000000000000000e+00 1.5593035027361404e+00 3.7614254442049166e-05 1.5592658884816983e+00
1.7228714524207012e+00 0.0000000000000000e+00 1.5661482523156138e+00 3.7590137263169836e-05 1.5661106621783507e+00
1.7328881469115192e+00 0.0000000000000000e+00 1.5729930018950884e+00 3.7566020084290506e-05 1.5729554358750042e+00
1.7429048414023371e+00 0.0000000000000000e+00 1.5796581967597023e+00 3.7542044572546365e-05 1.5796206547151297e+00
1.7529215358931551e+00 0.0000000000000000e+00 1.5858837921500122e+00 3.7518415901029764e-05 1.5858462737341112e+00
1.7629382303839733e+00 0.0000000000000000e+00 1.5921093875403236e+00 3.7494787229513162e-05 1.5920718927530941e+00
1.7729549248747913e+00 0.0000000000000000e+00 1.5983349829306333e+00 3.7471158557996567e-05 1.5982975117720752e+00
1.7829716193656093e+00 0.0000000000000000e+00 1.6045605783209442e+00 3.7447529886479966e-05 1.6045231307910577e+00
1.7929883138564273e+00 0.0000000000000000e+00 1.6107861737112550e+00 3.7423901214963364e-05 1.6107487498100401e+00
1.8030050083472453e+00 0.0000000000000000e+00 1.6168083723618016e+00 3.7400417702211742e-05 1.6167709719440995e+00
1.8130217028380635e+00 0.0000000000000000e+00 1.6223559786195800e+00 3.7377272893245027e-05 1.6223186013466868e+00
1.8230383973288815e+00 0.0000000000000000e+00 1.6279035848773575e+00 3.7354128084278327e-05 1.6278662307492733e+00
1.8330550918196995e+00 0.0000000000000000e+00 1.6334511911351357e+00 3.7330983275311613e-05 1.6334138601518604e+00
1.8430717863105175e+00 0.0000000000000000e+00 1.6389987973929141e+00 3.7307838466344905e-05 1.6389614895544478e+00
1.8530884808013355e+00 0.0000000000000000e+00 1.6445464036506916e+00 3.7284693657378204e-05 1.6445091189570342e+00
1.8631051752921535e+00 0.0000000000000000e+00 1.6498671459268113e+00 3.7261697354815448e-05 1.6498298842294565e+00
1.8731218697829717e+00 0.0000000000000000e+00 1.6546829328889285e+00 3.7239031598764729e-05 1.6546456938573297e+00
1.8831385642737897e+00 0.0000000000000000e+00 1.6594987198510449e+00 3.7216365842714010e-05 1.6594615034852023e+00
1.8931552587646077e+00 0.0000000000000000e+00 1.6643145068131620e+00 3.7193700086663271e-05 1.6642773131130753e+00
1.9031719532554257e+00 0.0000000000000000e+00 1.6691302937752781e+00 3.7171034330612552e-05 1.6690931227409476e+00
1.9131886477462436e+00 0.0000000000000000e+00 1.6739460807373954e+00 3.7148368574561832e-05 1.6739089323688208e+00
1.9232053422370616e+00 0.0000000000000000e+00 1.6785125828774574e+00 3.7125854524502171e-05 1.6784754570229330e+00
1.9332220367278798e+00 0.0000000000000000e+00 1.6825493547706671e+00 3.7103662849673499e-05 1.6825122511078174e+00
1.9432387312186978e+00 0.0000000000000000e+00 1.6865861266638751e+00 3.7081471174844813e-05 1.6865490451927003e+00
1.9532554257095158e+00 0.0000000000000000e+00 1.6906228985570846e+00 3.7059279500016141e-05 1.6905858392775845e+00
1.9632721202003338e+00 0.0000000000000000e+00 1.6946596704502928e+00 3.7037087825187469e-05 1.6946226333624677e+00
1.9732888146911518e+00 0.0000000000000000e+00 1.6986964423435016e+00 3.7014896150358796e-05 1.6986594274473512e+00
1.9833055091819700e+00 0.0000000000000000e+00 1.7024632605161285e+00 3.6992859229139919e-05 1.7024262676568993e+00
1.9933222036727880e+00 0.0000000000000000e+00 1.7056819908318295e+00 3.6971136504643989e-05 1.7056450196953248e+00
2.0033388981636060e+00 0.0000000000000000e+00 1.7089007211475300e+00 3.6949413780148046e-05 1.7088637717337498e+00
2.0133555926544240e+00 0.0000000000000000e+00 1.7121194514632319e+00 3.6927691055652109e-05 1.7120825237721762e+00
2.0233722871452420e+00 0.0000000000000000e+00 1.7153381817789328e+00 3.6905968331156172e-05 1.7153012758106017e+00
2.0333889816360600e+00 0.0000000000000000e+00 1.7185569120946345e+00 3.6884245606660228e-05 1.7185200278490278e+00
2.0434056761268780e+00 0.0000000000000000e+00 1.7214874496041375e+00 3.6862680527655197e-05 1.7214505869236099e+00
2.0534223706176959e+00 0.0000000000000000e+00 1.7238585540192695e+00 3.6841421466367796e-05 1.7238217125978030e+00
2.0634390651085144e+00 0.0000000000000000e+00 1.7262296584344012e+00 3.6820162405080395e-05 1.7261928382719962e+00
2.0734557595993324e+00 0.0000000000000000e+00 1.7286007628495330e+00 3.6798903343792986e-05 1.7285639639461892e+00
2.0834724540901504e+00 0.0000000000000000e+00 1.7309718672646652e+00 3.6777644282505585e-05 1.7309350896203828e+00
2.0934891485809684e+00 0.0000000000000000e+00 1.7333429716797970e+00 3.6756385221218184e-05 1.7333062152945757e+00
2.1035058430717863e+00 0.0000000000000000e+00 1.7354107189247407e+00 3.6735286537946256e-05 1.7353739836382027e+00
2.1135225375626043e+00 0.0000000000000000e+00 1.7369150885679192e+00 3.6714485699560230e-05 1.7368783740822196e+00
2.1235392320534223e+00 0.0000000000000000e+00 1.7384194582110977e+00 3.6693684861174203e-05 1.7383827645262364e+00
2.1335559265442403e+00 0.0000000000000000e+00 1.7399238278542764e+00 3.6672884022788163e-05 1.7398871549702535e+00
2.1435726210350583e+00 0.0000000000000000e+00 1.7414281974974553e+00 3.6652083184402130e-05 1.7413915454142708e+00
2.1535893155258763e+00 0.0000000000000000e+00 1.7429325671406337e+00 3.6631282346016110e-05 1.7428959358582876e+00
2.1636060100166943e+00 0.0000000000000000e+00 1.7441220851383197e+00 3.6610644455349874e-05 1.7440854744938643e+00
2.1736227045075123e+00 0.0000000000000000e+00 1.7447518668773647e+00 3.6590296249518820e-05 1.7447152765811151e+00
2.1836393989983307e+00 0.0000000000000000e+00 1.7453816486164095e+00 3.6569948043687766e-05 1.7453450786683657e+00
2.1936560934891487e+00 0.0000000000000000e+00 1.7460114303554548e+00 3.6549599837856718e-05 1.7459748807556170e+00
2.2036727879799667e+00 0.0000000000000000e+00 1.7466412120944999e+00 3.6529251632025670e-05 1.7466046828428679e+00
2.2136894824707847e+00 0.0000000000000000e+00 1.7472709938335449e+00 3.6508903426194623e-05 1.7472344849301187e+00
2.2237061769616027e+00 0.0000000000000000e+00 1.7475785470219227e+00 3.6488720571663861e-05 1.7475420583013510e+00
2.2337228714524207e+00 0.0000000000000000e+00 1.7473374407862030e+00 3.6468819261238999e-05 1.7473009719669417e+00
2.2437395659432386e+00 0.0000000000000000e+00 1.7470963345504835e+00 3.6448917950814137e-05 1.7470598856325328e+00
2.2537562604340566e+00 0.0000000000000000e+00 1.7468552283147636e+00 3.6429016640389268e-05 1.7468187992981232e+00
2.2637729549248746e+00 0.0000000000000000e+00 1.7466141220790443e+00 3.6409115329964406e-05 1.7465777129637143e+00
2.2737896494156926e+00 0.0000000000000000e+00 1.7463730158433248e+00 3.6389214019539538e-05 1.7463366266293052e+00
2.2838063439065106e+00 0.0000000000000000e+00 1.7458067320395008e+00 3.6369480294732171e-05 1.7457703625592060e+00
2.2938230383973290e+00 0.0000000000000000e+00 1.7447098953614120e+00 3.6350019999090162e-05 1.7446735453414128e+00
2.3038397328881470e+00 0.0000000000000000e+00 1.7436130586833234e+00 3.6330559703448159e-05 1.7435767281236199e+00
2.3138564273789650e+00 0.0000000000000000e+00 1.7425162220052353e+00 3.6311099407806150e-05 1.7424799109058275e+00
2.3238731218697830e+00 0.0000000000000000e+00 1.7414193853271465e+00 3.6291639112164140e-05 1.7413830936880343e+00
2.3338898163606010e+00 0.0000000000000000e+00 1.7403225486490581e+00 3.6272178816522131e-05 1.7402862764702416e+00
2.3439065108514190e+00 0.0000000000000000e+00 1.7389022006910182e+00 3.6252888168574024e-05 1.7388659478028496e+00
2.3539232053422370e+00 0.0000000000000000e+00 1.7369758479105022e+00 3.6233862867018955e-05 1.7369396140476352e+00
2.3639398998330550e+00 0.0000000000000000e+00 1.7350494951299866e+00 3.6214837565463880e-05 1.7350132802924212e+00
2.3739565943238730e+00 0.0000000000000000e+00 1.7331231423494708e+00 3.6195812263908811e-05 1.7330869465372070e+00
2.3839732888146909e+00 0.0000000000000000e+00 1.7311967895689548e+00 3.6176786962353743e-05 1.7311606127819925e+00
2.3939899833055089e+00 0.0000000000000000e+00 1.7292704367884391e+00 3.6157761660798681e-05 1.7292342790267783e+00
2.4040066777963274e+00 0.0000000000000000e+00 1.7270268510685860e+00 3.6138907893971921e-05 1.7269907121606920e+00
2.4140233722871454e+00 0.0000000000000000e+00 1.7243074159397405e+00 3.6120311429237643e-05 1.7242712956283113e+00
2.4240400667779634e+00 0.0000000000000000e+00 1.7215879808108936e+00 3.6101714964503365e-05 1.7215518790959290e+00
2.4340567612687813e+00 0.0000000000000000e+00 1.7188685456820472e+00 3.6083118499769086e-05 1.7188324625635474e+00
2.4440734557595993e+00 0.0000000000000000e+00 1.7161491105532003e+00 3.6064522035034801e-05 1.7161130460311653e+00
2.4540901502504173e+00 0.0000000000000000e+00 1.7134296754243543e+00 3.6045925570300522e-05 1.7133936294987839e+00
2.4641068447412353e+00 0.0000000000000000e+00 1.7104037606333682e+00 3.6027502349654380e-05 1.7103677331310185e+00
2.4741235392320533e+00 0.0000000000000000e+00 1.7069368141334580e+00 3.6009328431476555e-05 1.7069008048050265e+00
2.4841402337228713e+00 0.0000000000000000e+00 1.7034698676335480e+00 3.5991154513298716e-05 1.7034338764790347e+00
2.4941569282136893e+00 0.0000000000000000e+00 1.7000029211336383e+00 3.5972980595120878e-05 1.6999669481530431e+00
2.5041736227045073e+00 0.0000000000000000e+00 1.6965359746337287e+00 3.5954806676943039e-05 1.6965000198270519e+00
2.5141903171953257e+00 0.0000000000000000e+00 1.6930690281338188e+00 3.5936632758765214e-05 1.6930330915010601e+00
2.5242070116861437e+00 0.0000000000000000e+00 1.6893105064203466e+00 3.5918633613904593e-05 1.6892745877867328e+00
2.5342237061769617e+00 0.0000000000000000e+00 1.6851493332214906e+00 3.5900875822672529e-05 1.6851134323456680e+00
2.5442404006677797e+00 0.0000000000000000e+00 1.6809881600226337e+00 3.5883118031440458e-05 1.6809522769046024e+00
2.5542570951585977e+00 0.0000000000000000e+00 1.6768269868237780e+00 3.5865360240208401e-05 1.6767911214635378e+00
2.5642737896494157e+00 0.0000000000000000e+00 1.6726658136249211e+00 3.5847602448976330e-05 1.6726299660224722e+00
2.5742904841402336e+00 0.0000000000000000e+00 1.6685046404260651e+00 3.5829844657744273e-05 1.6684688105814074e+00
2.5843071786310516e+00 0.0000000000000000e+00 1.6640705182844768e+00 3.5812262986654381e-05 1.6640347060214902e+00
2.5943238731218696e+00 0.0000000000000000e+00 1.6592745801025324e+00 3.5794914777148314e-05 1.6592387851877552e+00
2.6043405676126876e+00 0.0000000000000000e+00 1.6544786419205870e+00 3.5777566567642255e-05 1.6544428643540194e+00
2.6143572621035056e+00 0.0000000000000000e+00 1.6496827037386426e+00 3.5760218358136189e-05 1.6496469435202845e+00
2.6243739565943240e+00 0.0000000000000000e+00 1.6448867655566961e+00 3.5742870148630116e-05 1.6448510226865474e+00
2.6343906510851420e+00 0.0000000000000000e+00 1.6400908273747519e+00 3.5725521939124043e-05 1.6400551018528127e+00
2.6444073455759600e+00 0.0000000000000000e+00 1.6350437701981435e+00 3.5708351012086900e-05 1.6350080618471314e+00
2.6544240400667780e+00 0.0000000000000000e+00 1.6296771070283353e+00 3.5691405717282932e-05 1.6296414156226180e+00
2.6644407345575960e+00 0.0000000000000000e+00 1.6243104438585279e+00 3.5674460422478949e-05 1.6242747693981054e+00
2.6744574290484140e+00 0.0000000000000000e+00 1.6189437806887206e+00 3.5657515127674987e-05 1.6189081231735929e+00
2.6844741235392320e+00 0.0000000000000000e+00 1.6135771175189120e+00 3.5640569832871011e-05 1.6135414769490790e+00
2.6944908180300500e+00 0.0000000000000000e+00 1.6082104543491038e+00 3.5623624538067029e-05 1.6081748307245658e+00
2.7045075125208680e+00 0.0000000000000000e+00 1.6026170951006442e+00 3.5606857501648733e-05 1.6025814882431426e+00
2.7145242070116860e+00 0.0000000000000000e+00 1.5967466628671725e+00 3.5590308336590746e-05 1.5967110725588358e+00
2.7245409015025039e+00 0.0000000000000000e+00 1.5908762306336985e+00 3.5573759171532740e-05 1.5908406568745270e+00
2.7345575959933224e+00 0.0000000000000000e+00 1.5850057984002259e+00 3.5557210006474753e-05 1.5849702411902196e+00
2.7445742904841404e+00 0.0000000000000000e+00 1.5791353661667538e+00 3.5540660841416754e-05 1.5790998255059123e+00
2.7545909849749584e+00 0.0000000000000000e+00 1.5732649339332812e+00 3.5524111676358760e-05 1.5732294098216049e+00
2.7646076794657763e+00 0.0000000000000000e+00 1.5671941794261723e+00 3.5507741557471805e-05 1.5671586716846149e+00
2.7746243739565943e+00 0.0000000000000000e+00 1.5608882639891470e+00 3.5491581623220428e-05 1.5608527724075238e+00
2.7846410684474123e+00 0.0000000000000000e+00 1.5545823485521224e+00 3.5475421688969030e-05 1.5545468731304335e+00
2.7946577629382303e+00 0.0000000000000000e+00 1.5482764331150971e+00 3.5459261754717653e-05 1.5482409738533425e+00
2.8046744574290483e+00 0.0000000000000000e+00 1.5419705176780725e+00 3.5443101820466263e-05 1.5419350745762519e+00
2.8146911519198663e+00 0.0000000000000000e+00 1.5356646022410463e+00 3.5426941886214872e-05 1.5356291752991600e+00
2.8247078464106843e+00 0.0000000000000000e+00 1.5291860528989583e+00 3.5410961596254752e-05 1.5291506419373619e+00
2.8347245409015023e+00 0.0000000000000000e+00 1.5225128312809511e+00 3.5395183883899666e-05 1.5224774360970672e+00
2.8447412353923207e+00 0.0000000000000000e+00 1.5158396096629450e+00 3.5379406171544587e-05 1.5158042302567734e+00
2.8547579298831387e+00 0.0000000000000000e+00 1.5091663880449377e+00 3.5363628459189501e-05 1.5091310244164786e+00
2.8647746243739567e+00 0.0000000000000000e+00 1.5024931664269308e+00 3.5347850746834422e-05 1.5024578185761839e+00
2.8747913188647747e+00 0.0000000000000000e+00 1.4958199448089251e+00 3.5332073034479343e-05 1.4957846127358907e+00
2.8848080133555927e+00 0.0000000000000000e+00 1.4890024640028801e+00 3.5316475373525414e-05 1.4889671475275066e+00
2.8948247078464107e+00 0.0000000000000000e+00 1.4820287024097962e+00 3.5301072768256068e-05 1.4819934013370279e+00
2.9048414023372287e+00 0.0000000000000000e+00 1.4750549408167126e+00 3.5285670162986708e-05 1.4750196551465495e+00
2.9148580968280466e+00 0.0000000000000000e+00 1.4680811792236281e+00 3.5270267557717355e-05 1.4680459089560705e+00
2.9248747913188646e+00 0.0000000000000000e+00 1.4611074176305454e+00 3.5254864952448002e-05 1.4610721627655929e+00
2.9348914858096826e+00 0.0000000000000000e+00 1.4541336560374616e+00 3.5239462347178649e-05 1.4540984165751145e+00
2.9449081803005006e+00 0.0000000000000000e+00 1.4470441111497987e+00 3.5224240008260011e-05 1.4470088869097903e+00
2.9549248747913190e+00 0.0000000000000000e+00 1.4398340571188026e+00 3.5209205293502299e-05 1.4397988479135091e+00
2.9649415692821370e+00 0.0000000000000000e+00 1.4326240030878059e+00 3.5194170578744593e-05 1.4325888089172272e+00
2.9749582637729550e+00 0.0000000000000000e+00 1.4254139490568096e+00 3.5179135863986887e-05 1.4253787699209457e+00
2.9849749582637730e+00 0.0000000000000000e+00 1.4182038950258127e+00 3.5164101149229188e-05 1.4181687309246636e+00
2.9949916527545910e+00 0.0000000000000000e+00 1.4109938409948164e+00 3.5149066434471488e-05 1.4109586919283819e+00
3.0050083472454090e+00 0.0000000000000000e+00 1.4036960638252349e+00 3.5134212007894868e-05 1.4036609296132270e+00
3.0150250417362270e+00 0.0000000000000000e+00 1.3963105635170707e+00 3.5119537869499340e-05 1.3962754439792011e+00
3.0250417362270450e+00 0.0000000000000000e+00 1.3889250632089063e+00 3.5104863731103812e-05 1.3888899583451753e+00
3.0350584307178630e+00 0.0000000000000000e+00 1.3815395629007439e+00 3.5090189592708298e-05 1.3815044727111512e+00
3.0450751252086810e+00 0.0000000000000000e+00 1.3741540625925797e+00 3.5075515454312756e-05 1.3741189870771253e+00
3.0550918196994989e+00 0.0000000000000000e+00 1.3667685622844170e+00 3.5060841315917235e-05 1.3667335014431010e+00
3.0651085141903169e+00 0.0000000000000000e+00 1.3593225341964541e+00 3.5046347293652003e-05 1.3592874878491605e+00
3.0751252086811354e+00 0.0000000000000000e+00 1.3518183519671181e+00 3.5032026324139387e-05 1.3517833199407940e+00
3.0851419031719534e+00 0.0000000000000000e+00 1.3443141697377834e+00 3.5017705354626785e-05 1.3442791520324289e+00
3.0951585976627713e+00 0.0000000000000000e+00 1.3368099875084485e+00 3.5003384385114176e-05 1.3367749841240633e+00
3.1051752921535893e+00 0.0000000000000000e+00 1.3293058052791125e+00 3.4989063415601566e-05 1.3292708162156968e+00
3.1151919866444073e+00 0.0000000000000000e+00 1.3218016230497751e+00 3.4974742446088957e-05 1.3217666483073289e+00
3.1252086811352253e+00 0.0000000000000000e+00 1.3142628687154263e+00 3.4960601226206371e-05 1.3142279081142001e+00
3.1352253756260433e+00 0.0000000000000000e+00 1.3066922016687577e+00 3.4946625929059201e-05 1.3066572550428286e+00
3.1452420701168613e+00 0.0000000000000000e+00 1.2991215346220875e+00 3.4932650631912018e-05 1.2990866019714555e+00
3.1552587646076793e+00 0.0000000000000000e+00 1.2915508675754175e+00 3.4918675334764849e-05 1.2915159489000827e+00
3.1652754590984973e+00 0.0000000000000000e+00 1.2839802005287491e+00 3.4904700037617660e-05 1.2839452958287114e+00
3.1752921535893153e+00 0.0000000000000000e+00 1.2764095334820802e+00 3.4890724740470484e-05 1.2763746427573397e+00
3.1853088480801337e+00 0.0000000000000000e+00 1.2688287182411357e+00 3.4876928631635973e-05 1.2687938413125042e+00
3.1953255425709517e+00 0.0000000000000000e+00 1.2612389036580982e+00 3.4863291425644760e-05 1.2612040403666727e+00
3.2053422370617697e+00 0.0000000000000000e+00 1.2536490890750622e+00 3.4849654219653553e-05 1.2536142394208425e+00
3.2153589315525877e+00 0.0000000000000000e+00 1.2460592744920236e+00 3.4836017013662340e-05 1.2460244384750099e+00
3.2253756260434057e+00 0.0000000000000000e+00 1.2384694599089878e+00 3.4822379807671119e-05 1.2384346375291801e+00
3.2353923205342237e+00 0.0000000000000000e+00 1.2308796453259505e+00 3.4808742601679906e-05 1.2308448365833489e+00
3.2454090150250416e+00 0.0000000000000000e+00 1.2233023610854430e+00 3.4795283827690363e-05 1.2232675658016152e+00
3.2554257095158596e+00 0.0000000000000000e+00 1.2157357508404205e+00 3.4781977051331847e-05 1.2157009688633691e+00
3.2654424040066776e+00 0.0000000000000000e+00 1.2081691405953994e+00 3.4768670274973338e-05 1.2081343719251243e+00
3.2754590984974956e+00 0.0000000000000000e+00 1.2006025303503771e+00 3.4755363498614830e-05 1.2005677749868786e+00
3.2854757929883136e+00 0.0000000000000000e+00 1.1930359201053562e+00 3.4742056722256321e-05 1.1930011780486340e+00
3.2954924874791320e+00 0.0000000000000000e+00 1.1854693098603337e+00 3.4728749945897805e-05 1.1854345811103879e+00
3.3055091819699500e+00 0.0000000000000000e+00 1.1779360150385918e+00 3.4715620650265992e-05 1.1779012994179416e+00
3.3155258764607680e+00 0.0000000000000000e+00 1.1704299782904382e+00 3.4702636566137842e-05 1.1703952756538720e+00
3.3255425709515860e+00 0.0000000000000000e+00 1.1629239415422858e+00 3.4689652482009685e-05 1.1628892518898037e+00
3.3355592654424040e+00 0.0000000000000000e+00 1.1554179047941344e+00 3.4676668397881528e-05 1.1553832281257366e+00
3.3455759599332220e+00 0.0000000000000000e+00 1.1479118680459832e+00 3.4663684313753371e-05 1.1478772043616694e+00
3.3555926544240400e+00 0.0000000000000000e+00 1.1404058312978311e+00 3.4650700229625221e-05 1.1403711805976016e+00
3.3656093489148580e+00 0.0000000000000000e+00 1.1329519189147341e+00 3.4637892480202243e-05 1.1329172810222539e+00
3.3756260434056760e+00 0.0000000000000000e+00 1.1255389613898947e+00 3.4625223279476181e-05 1.1255043361666153e+00
3.3856427378964939e+00 0.0000000000000000e+00 1.1181260038650556e+00 3.4612554078750126e-05 1.1180913913109769e+00
3.3956594323873119e+00 0.0000000000000000e+00 1.1107130463402157e+00 3.4599884878024077e-05 1.1106784464553376e+00
3.4056761268781304e+00 0.0000000000000000e+00 1.1033000888153743e+00 3.4587215677298015e-05 1.1032655015996971e+00
3.4156928213689484e+00 0.0000000000000000e+00 1.0958871312905352e+00 3.4574546476571953e-05 1.0958525567440587e+00
3.4257095158597664e+00 0.0000000000000000e+00 1.0885431067906663e+00 3.4562052270206527e-05 1.0885085447383962e+00
3.4357262103505843e+00 0.0000000000000000e+00 1.0812510843973548e+00 3.4549690077130690e-05 1.0812165347072777e+00
3.4457429048414023e+00 0.0000000000000000e+00 1.0739590620040422e+00 3.4537327884054853e-05 1.0739245246761582e+00
3.4557595993322203e+00 0.0000000000000000e+00 1.0666670396107307e+00 3.4524965690979009e-05 1.0666325146450397e+00
3.4657762938230383e+00 0.0000000000000000e+00 1.0593750172174179e+00 3.4512603497903185e-05 1.0593405046139199e+00
3.4757929883138563e+00 0.0000000000000000e+00 1.0520829948241066e+00 3.4500241304827335e-05 1.0520484945828017e+00
3.4858096828046743e+00 0.0000000000000000e+00 1.0448747308489015e+00 3.4488052572058346e-05 1.0448402427963295e+00
3.4958263772954923e+00 0.0000000000000000e+00 1.0377271195212912e+00 3.4475989448477067e-05 1.0376926435318428e+00
3.5058430717863103e+00 0.0000000000000000e+00 1.0305795081936782e+00 3.4463926324895782e-05 1.0305450442673532e+00
3.5158597662771287e+00 0.0000000000000000e+00 1.0234318968660681e+00 3.4451863201314510e-05 1.0233974450028667e+00
3.5258764607679467e+00 0.0000000000000000e+00 1.0162842855384566e+00 3.4439800077733225e-05 1.0162498457383788e+00
3.5358931552587647e+00 0.0000000000000000e+00 1.0091366742108452e+00 3.4427736954151947e-05 1.0091022464738910e+00
3.5459098497495827e+00 0.0000000000000000e+00 1.0020857178598468e+00 3.4415845563935840e-05 1.0020513020142829e+00
3.5559265442404007e+00 0.0000000000000000e+00 9.9510192852649160e-01 3.4404073513854866e-05 9.9506752445297775e-01
3.5659432387312187e+00 0.0000000000000000e+00 9.8811813919313551e-01 3.4392301463773885e-05 9.8808374689167178e-01
3.5759599332220366e+00 0.0000000000000000e+00 9.8113434985977943e-01 3.4380529413692890e-05 9.8109996933036570e-01
3.5859766277128546e+00 0.0000000000000000e+00 9.7415056052642457e-01 3.4368757363611916e-05 9.7411619176906095e-01
3.5959933222036726e+00 0.0000000000000000e+00 9.6716677119306960e-01 3.4356985313530942e-05 9.6713241420775609e-01
3.6060100166944906e+00 0.0000000000000000e+00 9.6029069078635232e-01 3.4345383077985271e-05 9.6025634540327431e-01
3.6160267111853086e+00 0.0000000000000000e+00 9.5348641633072717e-01 3.4333894052129826e-05 9.5345208243667501e-01
3.6260434056761270e+00 0.0000000000000000e+00 9.4668214187510336e-01 3.4322405026274382e-05 9.4664781947007703e-01
3.6360601001669450e+00 0.0000000000000000e+00 9.3987786741947821e-01 3.4310916000418923e-05 9.3984355650347784e-01
3.6460767946577630e+00 0.0000000000000000e+00 9.3307359296385439e-01 3.4299426974563478e-05 9.3303929353687987e-01
3.6560934891485810e+00 0.0000000000000000e+00 9.2626931850822936e-01 3.4287937948708033e-05 9.2623503057028067e-01
3.6661101836393990e+00 0.0000000000000000e+00 9.1958206857970259e-01 3.4276616627884389e-05 9.1954779196307468e-01
3.6761268781302170e+00 0.0000000000000000e+00 9.1296963761111982e-01 3.4265402528310581e-05 9.1293537220859156e-01
3.6861435726210350e+00 0.0000000000000000e+00 9.0635720664253816e-01 3.4254188428736774e-05 9.0632295245410943e-01
3.6961602671118530e+00 0.0000000000000000e+00 8.9974477567395528e-01 3.4242974329162966e-05 8.9971053269962609e-01
3.7061769616026710e+00 0.0000000000000000e+00 8.9313234470537251e-01 3.4231760229589165e-05 8.9309811294514296e-01
3.7161936560934890e+00 0.0000000000000000e+00 8.8651991373678984e-01 3.4220546130015357e-05 8.8648569319065984e-01
3.7262103505843069e+00 0.0000000000000000e+00 8.8003220247818481e-01 3.4209497436686735e-05 8.7999799298074810e-01
3.7362270450751254e+00 0.0000000000000000e+00 8.7362093233214289e-01 3.4198550121379372e-05 8.7358673378202145e-01
3.7462437395659434e+00 0.0000000000000000e+00 8.6720966218610096e-01 3.4187602806071996e-05 8.6717547458329491e-01
3.7562604340567614e+00 0.0000000000000000e+00 8.6079839204006037e-01 3.4176655490764633e-05 8.6076421538456960e-01
3.7662771285475793e+00 0.0000000000000000e+00 8.5438712189401955e-01 3.4165708175457263e-05 8.5435295618584406e-01
3.7762938230383973e+00 0.0000000000000000e+00 8.4797585174797774e-01 3.4154760860149887e-05 8.4794169698711763e-01
3.7863105175292153e+00 0.0000000000000000e+00 8.4169550460530429e-01 3.4143976464614876e-05 8.4166136062883967e-01
3.7963272120200333e+00 0.0000000000000000e+00 8.3549204875032268e-01 3.4133287752120783e-05 8.3545791546257053e-01
3.8063439065108513e+00 0.0000000000000000e+00 8.2928859289533985e-01 3.4122599039626683e-05 8.2925447029630017e-01
3.8163606010016693e+00 0.0000000000000000e+00 8.2308513704035724e-01 3.4111910327132583e-05 8.2305102513003014e-01
3.8263772954924873e+00 0.0000000000000000e+00 8.1688168118537452e-01 3.4101221614638483e-05 8.1684757996375990e-01
3.8363939899833053e+00 0.0000000000000000e+00 8.1067822533039269e-01 3.4090532902144390e-05 8.1064413479749053e-01
3.8464106844741233e+00 0.0000000000000000e+00 8.0461053554102013e-01 3.4080004437039812e-05 8.0457645553658308e-01
3.8564273789649417e+00 0.0000000000000000e+00 7.9861921416354964e-01 3.4069566111091844e-05 7.9858514459743857e-01
3.8664440734557597e+00 0.0000000000000000e+00 7.9262789278607915e-01 3.4059127785143869e-05 7.9259383365829406e-01
3.8764607679465777e+00 0.0000000000000000e+00 7.8663657140860965e-01 3.4048689459195895e-05 7.8660252271915043e-01
3.8864774624373957e+00 0.0000000000000000e+00 7.8064525003113894e-01 3.4038251133247920e-05 7.8061121178000570e-01
3.8964941569282137e+00 0.0000000000000000e+00 7.7465392865366967e-01 3.4027812807299945e-05 7.7461990084086241e-01
3.9065108514190316e+00 0.0000000000000000e+00 7.6880198648019571e-01 3.4017531872421536e-05 7.6876796894832333e-01
3.9165275459098496e+00 0.0000000000000000e+00 7.6302509464733581e-01 3.4007335686580571e-05 7.6299108731164922e-01
3.9265442404006676e+00 0.0000000000000000e+00 7.5724820281447514e-01 3.3997139500739600e-05 7.5721420567497444e-01
3.9365609348914856e+00 0.0000000000000000e+00 7.5147131098161513e-01 3.3986943314898643e-05 7.5143732403830021e-01
3.9465776293823036e+00 0.0000000000000000e+00 7.4569441914875434e-01 3.3976747129057678e-05 7.4566044240162532e-01
3.9565943238731216e+00 0.0000000000000000e+00 7.3991752731589444e-01 3.3966550943216714e-05 7.3988356076495121e-01
3.9666110183639400e+00 0.0000000000000000e+00 7.3428252634339342e-01 3.3956509110338846e-05 7.3424856983428310e-01
3.9766277128547580e+00 0.0000000000000000e+00 7.2872062066259191e-01 3.3946546792623783e-05 7.2868667411579924e-01
3.9866444073455760e+00 0.0000000000000000e+00 7.2315871498178941e-01 3.3936584474908720e-05 7.2312477839731448e-01
3.9966611018363940e+00 0.0000000000000000e+00 7.1759680930098579e-01 3.3926622157193643e-05 7.1756288267882862e-01
4.0066777963272120e+00 0.0000000000000000e+00 7.1203490362018418e-01 3.3916659839478587e-05 7.1200098696034475e-01
4.0166944908180300e+00 0.0000000000000000e+00 7.0647299793938256e-01 3.3906697521763524e-05 7.0643909124186077e-01
4.0267111853088480e+00 0.0000000000000000e+00 7.0105451761611737e-01 3.3896886339467006e-05 7.0102062072977789e-01
4.0367278797996660e+00 0.0000000000000000e+00 6.9570667963312938e-01 3.3887149597003502e-05 6.9567279248353242e-01
4.0467445742904840e+00 0.0000000000000000e+00 6.9035884165014250e-01 3.3877412854539998e-05 6.9032496423728795e-01
4.0567612687813019e+00 0.0000000000000000e+00 6.8501100366715550e-01 3.3867676112076495e-05 6.8497713599104337e-01
4.0667779632721199e+00 0.0000000000000000e+00 6.7966316568416774e-01 3.3857939369612991e-05 6.7962930774479813e-01
4.0767946577629379e+00 0.0000000000000000e+00 6.7431532770117986e-01 3.3848202627149494e-05 6.7428147949855266e-01
4.0868113522537559e+00 0.0000000000000000e+00 6.6911158822858874e-01 3.3838613625635639e-05 6.6907774961496314e-01
4.0968280467445739e+00 0.0000000000000000e+00 6.6397565981971107e-01 3.3829094149274576e-05 6.6394183072556179e-01
4.1068447412353919e+00 0.0000000000000000e+00 6.5883973141083163e-01 3.3819574672913507e-05 6.5880591183615866e-01
4.1168614357262099e+00 0.0000000000000000e+00 6.5370380300195319e-01 3.3810055196552451e-05 6.5366999294675665e-01
4.1268781302170288e+00 0.0000000000000000e+00 6.4856787459307474e-01 3.3800535720191395e-05 6.4853407405735453e-01
4.1368948247078468e+00 0.0000000000000000e+00 6.4343194618419697e-01 3.3791016243830326e-05 6.4339815516795318e-01
4.1469115191986647e+00 0.0000000000000000e+00 6.3844003677083705e-01 3.3781640939727176e-05 6.3840625512989735e-01
4.1569282136894827e+00 0.0000000000000000e+00 6.3351283154386617e-01 3.3772330408667434e-05 6.3347905921345748e-01
4.1669449081803007e+00 0.0000000000000000e+00 6.2858562631689541e-01 3.3763019877607686e-05 6.2855186329701784e-01
4.1769616026711187e+00 0.0000000000000000e+00 6.2365842108992553e-01 3.3753709346547951e-05 6.2362466738057898e-01
4.1869782971619367e+00 0.0000000000000000e+00 6.1873121586295554e-01 3.3744398815488203e-05 6.1869747146414000e-01
4.1969949916527547e+00 0.0000000000000000e+00 6.1380401063598378e-01 3.3735088284428455e-05 6.1377027554769936e-01
4.2070116861435727e+00 0.0000000000000000e+00 6.0902009410877822e-01 3.3725918185590419e-05 6.0898636819059260e-01
4.2170283806343907e+00 0.0000000000000000e+00 6.0429758702432801e-01 3.3716808271990252e-05 6.0426387021605599e-01
4.2270450751252087e+00 0.0000000000000000e+00 5.9957507993987780e-01 3.3707698358390086e-05 5.9954137224151938e-01
4.2370617696160267e+00 0.0000000000000000e+00 5.9485257285542659e-01 3.3698588444789926e-05 5.9481887426698177e-01
4.2470784641068446e+00 0.0000000000000000e+00 5.9013006577097549e-01 3.3689478531189760e-05 5.9009637629244427e-01
4.2570951585976626e+00 0.0000000000000000e+00 5.8540755868652528e-01 3.3680368617589600e-05 5.8537387831790766e-01
4.2671118530884806e+00 0.0000000000000000e+00 5.8082705102637544e-01 3.3671395227873856e-05 5.8079337963114752e-01
4.2771285475792986e+00 0.0000000000000000e+00 5.7630454313107782e-01 3.3662477601434865e-05 5.7627088065347642e-01
4.2871452420701166e+00 0.0000000000000000e+00 5.7178203523578031e-01 3.3653559974995868e-05 5.7174838167580533e-01
4.2971619365609346e+00 0.0000000000000000e+00 5.6725952734048279e-01 3.3644642348556871e-05 5.6722588269813423e-01
4.3071786310517526e+00 0.0000000000000000e+00 5.6273701944518628e-01 3.3635724722117874e-05 5.6270338372046413e-01
4.3171953255425706e+00 0.0000000000000000e+00 5.5821451154988866e-01 3.3626807095678870e-05 5.5818088474279293e-01
4.3272120200333886e+00 0.0000000000000000e+00 5.5383223823208083e-01 3.3618021919711071e-05 5.5379862021016113e-01
4.3372287145242066e+00 0.0000000000000000e+00 5.4950450058329570e-01 3.3609288252259833e-05 5.4947089129504345e-01
4.3472454090150245e+00 0.0000000000000000e+00 5.4517676293451045e-01 3.3600554584808608e-05 5.4514316237992566e-01
4.3572621035058434e+00 0.0000000000000000e+00 5.4084902528572443e-01 3.3591820917357364e-05 5.4081543346480709e-01
4.3672787979966614e+00 0.0000000000000000e+00 5.3652128763693852e-01 3.3583087249906126e-05 5.3648770454968864e-01
4.3772954924874794e+00 0.0000000000000000e+00 5.3219354998815260e-01 3.3574353582454888e-05 5.3215997563457018e-01
4.3873121869782974e+00 0.0000000000000000e+00 5.2800388295494383e-01 3.3565748130358907e-05 5.2797031720681342e-01
4.3973288814691154e+00 0.0000000000000000e+00 5.2386528313571290e-01 3.3557190100380618e-05 5.2383172594561256e-01
4.4073455759599334e+00 0.0000000000000000e+00 5.1972668331648175e-01 3.3548632070402336e-05 5.1969313468441136e-01
4.4173622704507514e+00 0.0000000000000000e+00 5.1558808349725072e-01 3.3540074040424041e-05 5.1555454342321028e-01
4.4273789649415694e+00 0.0000000000000000e+00 5.1144948367802034e-01 3.3531516010445745e-05 5.1141595216200986e-01
4.4373956594323873e+00 0.0000000000000000e+00 5.0731088385879008e-01 3.3522957980467463e-05 5.0727736090080966e-01
4.4474123539232053e+00 0.0000000000000000e+00 5.0330785919846921e-01 3.3514523772579329e-05 5.0327434467469667e-01
4.4574290484140233e+00 0.0000000000000000e+00 4.9935246905343933e-01 3.3506133069749908e-05 4.9931896292036959e-01
4.4674457429048413e+00 0.0000000000000000e+00 4.9539707890841012e-01 3.3497742366920501e-05 4.9536358116604318e-01
4.4774624373956593e+00 0.0000000000000000e+00 4.9144168876338112e-01 3.3489351664091087e-05 4.9140819941171704e-01
4.4874791318864773e+00 0.0000000000000000e+00 4.8748629861835130e-01 3.3480960961261667e-05 4.8745281765739001e-01
4.4974958263772953e+00 0.0000000000000000e+00 4.8353090847332081e-01 3.3472570258432246e-05 4.8349743590306238e-01
4.5075125208681133e+00 0.0000000000000000e+00 4.7970832641859096e-01 3.3464298829976941e-05 4.7967486211976096e-01
4.5175292153589313e+00 0.0000000000000000e+00 4.7593001372729266e-01 3.3456067159646340e-05 4.7589655766013300e-01
4.5275459098497493e+00 0.0000000000000000e+00 4.7215170103599380e-01 3.3447835489315725e-05 4.7211825320050449e-01
4.5375626043405672e+00 0.0000000000000000e+00 4.6837338834469489e-01 3.3439603818985124e-05 4.6833994874087592e-01
4.5475792988313852e+00 0.0000000000000000e+00 4.6459507565339658e-01 3.3431372148654523e-05 4.6456164428124791e-01
4.5575959933222032e+00 0.0000000000000000e+00 4.6081676296209828e-01 3.3423140478323915e-05 4.6078333982161995e-01
4.5676126878130212e+00 0.0000000000000000e+00 4.5716827342885724e-01 3.3415023384056367e-05 4.5713485840547319e-01
4.5776293823038401e+00 0.0000000000000000e+00 4.5356078068236977e-01 3.3406942471703468e-05 4.5352737373989804e-01
4.5876460767946581e+00 0.0000000000000000e+00 4.4995328793588185e-01 3.3398861559350556e-05 4.4991988907432251e-01
4.5976627712854761e+00 0.0000000000000000e+00 4.4634579518939504e-01 3.3390780646997651e-05 4.4631240440874803e-01
4.6076794657762941e+00 0.0000000000000000e+00 4.4273830244290824e-01 3.3382699734644752e-05 4.4270491974317361e-01
4.6176961602671120e+00 0.0000000000000000e+00 4.3913080969642088e-01 3.3374618822291853e-05 4.3909743507759857e-01
4.6277128547579300e+00 0.0000000000000000e+00 4.3564998458631926e-01 3.3366647641111596e-05 4.3561661793867817e-01
4.6377295492487480e+00 0.0000000000000000e+00 4.3220699526370859e-01 3.3358709236775119e-05 4.3217363655447183e-01
4.6477462437395660e+00 0.0000000000000000e+00 4.2876400594109787e-01 3.3350770832438648e-05 4.2873065517026543e-01
4.6577629382303840e+00 0.0000000000000000e+00 4.2532101661848659e-01 3.3342832428102164e-05 4.2528767378605847e-01
4.6677796327212020e+00 0.0000000000000000e+00 4.2187802729587537e-01 3.3334894023765693e-05 4.2184469240185163e-01
4.6777963272120200e+00 0.0000000000000000e+00 4.1843503797326470e-01 3.3326955619429223e-05 4.1840171101764528e-01
4.6878130217028380e+00 0.0000000000000000e+00 4.1511543091426273e-01 3.3319121958934072e-05 4.1508211179230381e-01
4.6978297161936560e+00 0.0000000000000000e+00 4.1183062398089149e-01 3.3311317841573651e-05 4.1179731266304992e-01
4.7078464106844740e+00 0.0000000000000000e+00 4.0854581704752085e-01 3.3303513724213244e-05 4.0851251353379664e-01
4.7178631051752919e+00 0.0000000000000000e+00 4.0526101011415067e-01 3.3295709606852823e-05 4.0522771440454380e-01
4.7278797996661099e+00 0.0000000000000000e+00 4.0197620318078053e-01 3.3287905489492402e-05 4.0194291527529102e-01
4.7378964941569279e+00 0.0000000000000000e+00 3.9869139624740985e-01 3.3280101372131995e-05 3.9865811614603769e-01
4.7479131886477459e+00 0.0000000000000000e+00 3.9552659217790337e-01 3.3272396873147697e-05 3.9549331978103019e-01
4.7579298831385639e+00 0.0000000000000000e+00 3.9239368760385357e-01 3.3264718854997547e-05 3.9236042288499856e-01
4.7679465776293819e+00 0.0000000000000000e+00 3.8926078302980371e-01 3.3257040836847396e-05 3.8922752598896687e-01
4.7779632721201999e+00 0.0000000000000000e+00 3.8612787845575353e-01 3.3249362818697259e-05 3.8609462909293485e-01
4.7879799666110179e+00 0.0000000000000000e+00 3.8299497388170273e-01 3.3241684800547115e-05 3.8296173219690216e-01
4.7979966611018368e+00 0.0000000000000000e+00 3.7986206930765232e-01 3.3234006782396965e-05 3.7982883530086992e-01
4.8080133555926547e+00 0.0000000000000000e+00 3.7684572573626257e-01 3.3226423123443452e-05 3.7681249931313915e-01
4.8180300500834727e+00 0.0000000000000000e+00 3.7385852241553647e-01 3.3218863054289086e-05 3.7382530355248217e-01
4.8280467445742907e+00 0.0000000000000000e+00 3.7087131909480986e-01 3.3211302985134721e-05 3.7083810779182474e-01
4.8380634390651087e+00 0.0000000000000000e+00 3.6788411577408336e-01 3.3203742915980355e-05 3.6785091203116738e-01
4.8480801335559267e+00 0.0000000000000000e+00 3.6489691245335731e-01 3.3196182846825990e-05 3.6486371627051051e-01
4.8580968280467447e+00 0.0000000000000000e+00 3.6190970913263121e-01 3.3188622777671624e-05 3.6187652050985353e-01
4.8681135225375627e+00 0.0000000000000000e+00 3.5903558887863146e-01 3.3181151679386221e-05 3.5900240772695208e-01
4.8781302170283807e+00 0.0000000000000000e+00 3.5618799428225778e-01 3.3173701450810823e-05 3.5615482058080700e-01
4.8881469115191987e+00 0.0000000000000000e+00 3.5334039968588410e-01 3.3166251222235425e-05 3.5330723343466186e-01
4.8981636060100167e+00 0.0000000000000000e+00 3.5049280508951097e-01 3.3158800993660021e-05 3.5045964628851733e-01
4.9081803005008346e+00 0.0000000000000000e+00 3.4764521049313729e-01 3.3151350765084616e-05 3.4761205914237220e-01
4.9181969949916526e+00 0.0000000000000000e+00 3.4479761589676367e-01 3.3143900536509218e-05 3.4476447199622717e-01
4.9282136894824706e+00 0.0000000000000000e+00 3.4205961307297933e-01 3.3136533766012959e-05 3.4202647653921331e-01
4.9382303839732886e+00 0.0000000000000000e+00 3.3934566697976204e-01 3.3129185315582840e-05 3.3931253779444648e-01
4.9482470784641066e+00 0.0000000000000000e+00 3.3663172088654431e-01 3.3121836865152721e-05 3.3659859904967915e-01
4.9582637729549246e+00 0.0000000000000000e+00 3.3391777479332663e-01 3.3114488414722601e-05 3.3388466030491193e-01
4.9682804674457426e+00 0.0000000000000000e+00 3.3120382870010934e-01 3.3107139964292482e-05 3.3117072156014504e-01
4.9782971619365606e+00 0.0000000000000000e+00 3.2848988260689210e-01 3.3099791513862370e-05 3.2845678281537827e-01
4.9883138564273786e+00 0.0000000000000000e+00 3.2588204365182682e-01 3.3092520889069339e-05 3.2584895113093776e-01
4.9983305509181966e+00 0.0000000000000000e+00 3.2329593748409335e-01 3.3085266204467018e-05 3.2326285221788886e-01
5.0083472454090145e+00 0.0000000000000000e+00 3.2070983131636038e-01 3.3078011519864710e-05 3.2067675330484052e-01
5.0183639398998334e+00 0.0000000000000000e+00 3.1812372514862708e-01 3.3070756835262396e-05 3.1809065439179179e-01
5.0283806343906514e+00 0.0000000000000000e+00 3.1553761898089405e-01 3.3063502150660082e-05 3.1550455547874340e-01
5.0383973288814694e+00 0.0000000000000000e+00 3.1295151281316064e-01 3.3056247466057774e-05 3.1291845656569456e-01
5.0484140233722874e+00 0.0000000000000000e+00 3.1046805206709310e-01 3.3049064859922481e-05 3.1043500300223320e-01
5.0584307178631054e+00 0.0000000000000000e+00 3.0800414282991379e-01 3.3041895983018984e-05 3.0797110093393076e-01
5.0684474123539234e+00 0.0000000000000000e+00 3.0554023359273436e-01 3.3034727106115499e-05 3.0550719886562822e-01
5.0784641068447414e+00 0.0000000000000000e+00 3.0307632435555454e-01 3.3027558229212015e-05 3.0304329679732533e-01
5.0884808013355594e+00 0.0000000000000000e+00 3.0061241511837433e-01 3.3020389352308518e-05 3.0057939472902201e-01
5.0984974958263773e+00 0.0000000000000000e+00 2.9814850588119490e-01 3.3013220475405040e-05 2.9811549266071952e-01
5.1085141903171953e+00 0.0000000000000000e+00 2.9578381683821692e-01 3.3006117820110021e-05 2.9575081072039683e-01
5.1185308848080133e+00 0.0000000000000000e+00 2.9343663724127306e-01 3.2999026850981190e-05 2.9340363821442206e-01
5.1285475792988313e+00 0.0000000000000000e+00 2.9108945764432909e-01 3.2991935881852372e-05 2.9105646570844723e-01
5.1385642737896493e+00 0.0000000000000000e+00 2.8874227804738561e-01 3.2984844912723561e-05 2.8870929320247291e-01
5.1485809682804673e+00 0.0000000000000000e+00 2.8639509845044214e-01 3.2977753943594736e-05 2.8636212069649852e-01
5.1585976627712853e+00 0.0000000000000000e+00 2.8404791885349823e-01 3.2970662974465919e-05 2.8401494819052375e-01
5.1686143572621033e+00 0.0000000000000000e+00 2.8179658256999429e-01 3.2963632265540477e-05 2.8176361893772878e-01
5.1786310517529213e+00 0.0000000000000000e+00 2.7956084868635206e-01 3.2956611366415583e-05 2.7952789207498563e-01
5.1886477462437393e+00 0.0000000000000000e+00 2.7732511480270955e-01 3.2949590467290696e-05 2.7729216521224226e-01
5.1986644407345572e+00 0.0000000000000000e+00 2.7508938091906704e-01 3.2942569568165808e-05 2.7505643834949889e-01
5.2086811352253752e+00 0.0000000000000000e+00 2.7285364703542442e-01 3.2935548669040908e-05 2.7282071148675535e-01
5.2186978297161932e+00 0.0000000000000000e+00 2.7061791315178213e-01 3.2928527769916021e-05 2.7058498462401220e-01
5.2287145242070112e+00 0.0000000000000000e+00 2.6847470345603325e-01 3.2921561070283677e-05 2.6844178189496298e-01
5.2387312186978292e+00 0.0000000000000000e+00 2.6634531921364657e-01 3.2914602469426070e-05 2.6631240461117717e-01
5.2487479131886481e+00 0.0000000000000000e+00 2.6421593497125978e-01 3.2907643868568483e-05 2.6418302732739118e-01
5.2587646076794661e+00 0.0000000000000000e+00 2.6208655072887288e-01 3.2900685267710876e-05 2.6205365004360515e-01
5.2687813021702841e+00 0.0000000000000000e+00 2.5995716648648648e-01 3.2893726666853275e-05 2.5992427275981961e-01
5.2787979966611021e+00 0.0000000000000000e+00 2.5782778224410008e-01 3.2886768065995682e-05 2.5779489547603407e-01
5.2888146911519200e+00 0.0000000000000000e+00 2.5578766825129018e-01 3.2879857509956639e-05 2.5575478839378024e-01
5.2988313856427380e+00 0.0000000000000000e+00 2.5375972747433129e-01 3.2872953505483784e-05 2.5372685452082583e-01
5.3088480801335560e+00 0.0000000000000000e+00 2.5173178669737267e-01 3.2866049501010916e-05 2.5169892064787164e-01
5.3188647746243740e+00 0.0000000000000000e+00 2.4970384592041414e-01 3.2859145496538054e-05 2.4967098677491761e-01
5.3288814691151920e+00 0.0000000000000000e+00 2.4767590514345525e-01 3.2852241492065192e-05 2.4764305290196317e-01
5.3388981636060100e+00 0.0000000000000000e+00 2.4564796436649633e-01 3.2845337487592324e-05 2.4561511902900873e-01
5.3489148580968280e+00 0.0000000000000000e+00 2.4370611134010461e-01 3.2838475284729040e-05 2.4367327286481988e-01
5.3589315525876460e+00 0.0000000000000000e+00 2.4177489837277089e-01 3.2831618248356818e-05 2.4174206675452253e-01
5.3689482470784640e+00 0.0000000000000000e+00 2.3984368540543693e-01 3.2824761211984602e-05 2.3981086064422494e-01
5.3789649415692820e+00 0.0000000000000000e+00 2.3791247243810254e-01 3.2817904175612387e-05 2.3787965453392693e-01
5.3889816360600999e+00 0.0000000000000000e+00 2.3598125947076881e-01 3.2811047139240165e-05 2.3594844842362958e-01
5.3989983305509179e+00 0.0000000000000000e+00 2.3405004650343514e-01 3.2804190102867950e-05 2.3401724231333226e-01
5.4090150250417359e+00 0.0000000000000000e+00 2.3220181518614738e-01 3.2797368541868990e-05 2.3216901781760552e-01
5.4190317195325539e+00 0.0000000000000000e+00 2.3036280405219736e-01 3.2790550922578177e-05 2.3033001350127477e-01
5.4290484140233719e+00 0.0000000000000000e+00 2.2852379291824759e-01 3.2783733303287343e-05 2.2849100918494430e-01
5.4390651085141899e+00 0.0000000000000000e+00 2.2668478178429782e-01 3.2776915683996522e-05 2.2665200486861384e-01
5.4490818030050079e+00 0.0000000000000000e+00 2.2484577065034783e-01 3.2770098064705702e-05 2.2481300055228312e-01
5.4590984974958259e+00 0.0000000000000000e+00 2.2300675951639778e-01 3.2763280445414881e-05 2.2297399623595238e-01
5.4691151919866448e+00 0.0000000000000000e+00 2.2124770373289332e-01 3.2756491897831437e-05 2.2121494724099550e-01
5.4791318864774627e+00 0.0000000000000000e+00 2.1949655562141018e-01 3.2749706225471801e-05 2.1946380591518472e-01
5.4891485809682807e+00 0.0000000000000000e+00 2.1774540750992741e-01 3.2742920553112158e-05 2.1771266458937430e-01
5.4991652754590987e+00 0.0000000000000000e+00 2.1599425939844435e-01 3.2736134880752522e-05 2.1596152326356360e-01
5.5091819699499167e+00 0.0000000000000000e+00 2.1424311128696122e-01 3.2729349208392879e-05 2.1421038193775283e-01
5.5191986644407347e+00 0.0000000000000000e+00 2.1249196317547844e-01 3.2722563536033243e-05 2.1245924061194241e-01
5.5292153589315527e+00 0.0000000000000000e+00 2.1081782651290357e-01 3.2715800459944849e-05 2.1078511071244363e-01
5.5392320534223707e+00 0.0000000000000000e+00 2.0915038649805889e-01 3.2709039348749615e-05 2.0911767745871016e-01
5.5492487479131887e+00 0.0000000000000000e+00 2.0748294648321419e-01 3.2702278237554375e-05 2.0745024420497662e-01
5.5592654424040067e+00 0.0000000000000000e+00 2.0581550646836980e-01 3.2695517126359134e-05 2.0578281095124343e-01
5.5692821368948247e+00 0.0000000000000000e+00 2.0414806645352540e-01 3.2688756015163906e-05 2.0411537769751023e-01
5.5792988313856426e+00 0.0000000000000000e+00 2.0248062643868042e-01 3.2681994903968666e-05 2.0244794444377645e-01
5.5893155258764606e+00 0.0000000000000000e+00 2.0088733844611634e-01 3.2675249847568478e-05 2.0085466319626877e-01
5.5993322203672786e+00 0.0000000000000000e+00 1.9929963178856225e-01 3.2668505999593740e-05 1.9926696328256266e-01
5.6093489148580966e+00 0.0000000000000000e+00 1.9771192513100813e-01 3.2661762151618995e-05 1.9767926336885652e-01
5.6193656093489146e+00 0.0000000000000000e+00 1.9612421847345379e-01 3.2655018303644250e-05 1.9609156345515014e-01
5.6293823038397326e+00 0.0000000000000000e+00 1.9453651181589940e-01 3.2648274455669505e-05 1.9450386354144372e-01
5.6393989983305506e+00 0.0000000000000000e+00 1.9294880515834534e-01 3.2641530607694760e-05 1.9291616362773764e-01
5.6494156928213686e+00 0.0000000000000000e+00 1.9143247644742070e-01 3.2634796212793389e-05 1.9139984165120791e-01
5.6594323873121866e+00 0.0000000000000000e+00 1.8992070377564180e-01 3.2628062421279679e-05 1.8988807571322053e-01
5.6694490818030046e+00 0.0000000000000000e+00 1.8840893110386289e-01 3.2621328629765969e-05 1.8837630977523312e-01
5.6794657762938225e+00 0.0000000000000000e+00 1.8689715843208402e-01 3.2614594838252253e-05 1.8686454383724577e-01
5.6894824707846414e+00 0.0000000000000000e+00 1.8538538576030508e-01 3.2607861046738543e-05 1.8535277789925833e-01
5.6994991652754594e+00 0.0000000000000000e+00 1.8387361308852646e-01 3.2601127255224833e-05 1.8384101196127123e-01
5.7095158597662774e+00 0.0000000000000000e+00 1.8243052996825151e-01 3.2594396260664330e-05 1.8239793557199085e-01
5.7195325542570954e+00 0.0000000000000000e+00 1.8099106208752891e-01 3.2587665413311899e-05 1.8095847442211560e-01
5.7295492487479134e+00 0.0000000000000000e+00 1.7955159420680647e-01 3.2580934565959468e-05 1.7951901327224051e-01
5.7395659432387314e+00 0.0000000000000000e+00 1.7811212632608409e-01 3.2574203718607030e-05 1.7807955212236548e-01
5.7495826377295494e+00 0.0000000000000000e+00 1.7667265844536145e-01 3.2567472871254606e-05 1.7664009097249020e-01
5.7595993322203674e+00 0.0000000000000000e+00 1.7523319056463882e-01 3.2560742023902168e-05 1.7520062982261492e-01
5.7696160267111853e+00 0.0000000000000000e+00 1.7385980973358101e-01 3.2554007268881488e-05 1.7382725572631214e-01
5.7796327212020033e+00 0.0000000000000000e+00 1.7248918252959175e-01 3.2547272351041288e-05 1.7245663525724070e-01
5.7896494156928213e+00 0.0000000000000000e+00 1.7111855532560252e-01 3.2540537433201088e-05 1.7108601478816932e-01
5.7996661101836393e+00 0.0000000000000000e+00 1.6974792812161324e-01 3.2533802515360882e-05 1.6971539431909788e-01
5.8096828046744573e+00 0.0000000000000000e+00 1.6837730091762421e-01 3.2527067597520689e-05 1.6834477385002669e-01
5.8196994991652753e+00 0.0000000000000000e+00 1.6700667371363526e-01 3.2520332679680496e-05 1.6697415338095559e-01
5.8297161936560933e+00 0.0000000000000000e+00 1.6569961634232222e-01 3.2513587106994320e-05 1.6566710275521523e-01
5.8397328881469113e+00 0.0000000000000000e+00 1.6439452504830790e-01 3.2506841204776826e-05 1.6436201820710311e-01
5.8497495826377293e+00 0.0000000000000000e+00 1.6308943375429386e-01 3.2500095302559359e-05 1.6305693365899129e-01
5.8597662771285473e+00 0.0000000000000000e+00 1.6178434246027984e-01 3.2493349400341873e-05 1.6175184911087950e-01
5.8697829716193652e+00 0.0000000000000000e+00 1.6047925116626530e-01 3.2486603498124379e-05 1.6044676456276719e-01
5.8797996661101832e+00 0.0000000000000000e+00 1.5917415987225103e-01 3.2479857595906885e-05 1.5914168001465512e-01
5.8898163606010012e+00 0.0000000000000000e+00 1.5793020547134715e-01 3.2473094255082728e-05 1.5789773237709206e-01
5.8998330550918192e+00 0.0000000000000000e+00 1.5668749876213897e-01 3.2466330558368625e-05 1.5665503243158060e-01
5.9098497495826381e+00 0.0000000000000000e+00 1.5544479205293049e-01 3.2459566861654529e-05 1.5541233248606884e-01
5.9198664440734561e+00 0.0000000000000000e+00 1.5420208534372207e-01 3.2452803164940432e-05 1.5416963254055713e-01
5.9298831385642741e+00 0.0000000000000000e+00 1.5295937863451367e-01 3.2446039468226343e-05 1.5292693259504545e-01
5.9398998330550921e+00 0.0000000000000000e+00 1.5171667192530541e-01 3.2439275771512240e-05 1.5168423264953390e-01
5.9499165275459100e+00 0.0000000000000000e+00 1.5053275247494333e-01 3.2432487821875685e-05 1.5050031998712146e-01
5.9599332220367280e+00 0.0000000000000000e+00 1.4934942683527594e-01 3.2425699627260113e-05 1.4931700113564869e-01
5.9699499165275460e+00 0.0000000000000000e+00 1.4816610119560839e-01 3.2418911432644533e-05 1.4813368228417573e-01
5.9799666110183640e+00 0.0000000000000000e+00 1.4698277555594122e-01 3.2412123238028968e-05 1.4695036343270318e-01
5.9899833055091820e+00 0.0000000000000000e+00 1.4579944991627405e-01 3.2405335043413395e-05 1.4576704458123063e-01
6.0000000000000000e+00 0.0000000000000000e+00 1.4461612427660669e-01 3.2398546848797816e-05 1.4458372572975789e-01
