0.0000000000000000e+00 0.0000000000000000e+00 6.9391527573662520e-14
1.0016694490818030e-02 0.0000000000000000e+00 8.8607727588836619e-03
2.0033388981636060e-02 0.0000000000000000e+00 1.7721545517697938e-02
3.0050083472454088e-02 0.0000000000000000e+00 2.6582318276512206e-02
4.0066777963272120e-02 0.0000000000000000e+00 3.5443091035327244e-02
5.0083472454090151e-02 0.0000000000000000e+00 4.4303863794141508e-02
6.0100166944908176e-02 0.0000000000000000e+00 5.3164827405050109e-02
7.0116861435726208e-02 0.0000000000000000e+00 6.2044685373289415e-02
8.0133555926544239e-02 0.0000000000000000e+00 7.0924543341528701e-02
9.0150250417362271e-02 0.0000000000000000e+00 7.9804401309768763e-02
1.0016694490818030e-01 0.0000000000000000e+00 8.8684259278008076e-02
1.1018363939899833e-01 0.0000000000000000e+00 9.7564117246248139e-02
1.2020033388981635e-01 0.0000000000000000e+00 1.0644444764970690e-01
1.3021702838063440e-01 0.0000000000000000e+00 1.1534792737891454e-01
1.4023372287145242e-01 0.0000000000000000e+00 1.2425140710812294e-01
1.5025041736227046e-01 0.0000000000000000e+00 1.3315488683733054e-01
1.6026711185308848e-01 0.0000000000000000e+00 1.4205836656653814e-01
1.7028380634390650e-01 0.0000000000000000e+00 1.5096184629574577e-01
1.8030050083472454e-01 0.0000000000000000e+00 1.5986637338116447e-01
1.9031719532554256e-01 0.0000000000000000e+00 1.6880476498404404e-01
2.0033388981636061e-01 0.0000000000000000e+00 1.7774315658692361e-01
2.1035058430717862e-01 0.0000000000000000e+00 1.8668154818980326e-01
2.2036727879799667e-01 0.0000000000000000e+00 1.9561993979268286e-01
2.3038397328881469e-01 0.0000000000000000e+00 2.0455833139556315e-01
2.4040066777963270e-01 0.0000000000000000e+00 2.1349854546737743e-01
2.5041736227045075e-01 0.0000000000000000e+00 2.2248249879361964e-01
2.6043405676126880e-01 0.0000000000000000e+00 2.3146645211986180e-01
2.7045075125208679e-01 0.0000000000000000e+00 2.4045040544610405e-01
2.8046744574290483e-01 0.0000000000000000e+00 2.4943435877234701e-01
2.9048414023372288e-01 0.0000000000000000e+00 2.5841831209858918e-01
3.0050083472454092e-01 0.0000000000000000e+00 2.6740503264250887e-01
3.1051752921535891e-01 0.0000000000000000e+00 2.7644433032229604e-01
3.2053422370617696e-01 0.0000000000000000e+00 2.8548362800208321e-01
3.3055091819699500e-01 0.0000000000000000e+00 2.9452292568187116e-01
3.4056761268781299e-01 0.0000000000000000e+00 3.0356222336165906e-01
3.5058430717863104e-01 0.0000000000000000e+00 3.1260152104144612e-01
3.6060100166944908e-01 0.0000000000000000e+00 3.2164465973651329e-01
3.7061769616026713e-01 0.0000000000000000e+00 3.3074797433762931e-01
3.8063439065108512e-01 0.0000000000000000e+00 3.3985128893874605e-01
3.9065108514190316e-01 0.0000000000000000e+00 3.4895460353986213e-01
4.0066777963272121e-01 0.0000000000000000e+00 3.5805791814097815e-01
4.1068447412353920e-01 0.0000000000000000e+00 3.6716123274209411e-01
4.2070116861435725e-01 0.0000000000000000e+00 3.7626953987019046e-01
4.3071786310517529e-01 0.0000000000000000e+00 3.8544417628530825e-01
4.4073455759599334e-01 0.0000000000000000e+00 3.9461881270042520e-01
4.5075125208681133e-01 0.0000000000000000e+00 4.0379344911554227e-01
4.6076794657762937e-01 0.0000000000000000e+00 4.1296808553065922e-01
4.7078464106844742e-01 0.0000000000000000e+00 4.2214272194577612e-01
4.8080133555926541e-01 0.0000000000000000e+00 4.3132351718396328e-01
4.9081803005008345e-01 0.0000000000000000e+00 4.4057513888744215e-01
5.0083472454090150e-01 0.0000000000000000e+00 4.4982676059092092e-01
5.1085141903171949e-01 0.0000000000000000e+00 4.5907838229439962e-01
5.2086811352253759e-01 0.0000000000000000e+00 4.6833000399787839e-01
5.3088480801335558e-01 0.0000000000000000e+00 4.7758162570135809e-01
5.4090150250417357e-01 0.0000000000000000e+00 4.8684051158446229e-01
5.5091819699499167e-01 0.0000000000000000e+00 4.9617284639488840e-01
5.6093489148580966e-01 0.0000000000000000e+00 5.0550518120531274e-01
5.7095158597662765e-01 0.0000000000000000e+00 5.1483751601573879e-01
5.8096828046744575e-01 0.0000000000000000e+00 5.2416985082616485e-01
5.9098497495826374e-01 0.0000000000000000e+00 5.3350218563659013e-01
6.0100166944908184e-01 0.0000000000000000e+00 5.4284273975321684e-01
6.1101836393989983e-01 0.0000000000000000e+00 5.5225726762565408e-01
6.2103505843071782e-01 0.0000000000000000e+00 5.6167179549809154e-01
6.3105175292153592e-01 0.0000000000000000e+00 5.7108632337052967e-01
6.4106844741235391e-01 0.0000000000000000e+00 5.8050085124296724e-01
6.5108514190317190e-01 0.0000000000000000e+00 5.8991537911540459e-01
6.6110183639399001e-01 0.0000000000000000e+00 5.9933882748577849e-01
6.7111853088480800e-01 0.0000000000000000e+00 6.0883445079399989e-01
6.8113522537562599e-01 0.0000000000000000e+00 6.1833007410222229e-01
6.9115191986644409e-01 0.0000000000000000e+00 6.2782569741044358e-01
7.0116861435726208e-01 0.0000000000000000e+00 6.3732132071866499e-01
7.1118530884808018e-01 0.0000000000000000e+00 6.4681694402688639e-01
7.2120200333889817e-01 0.0000000000000000e+00 6.5632181629130204e-01
7.3121869782971616e-01 0.0000000000000000e+00 6.6589451423447332e-01
7.4123539232053426e-01 0.0000000000000000e+00 6.7546721217764394e-01
7.5125208681135225e-01 0.0000000000000000e+00 6.8503991012081433e-01
7.6126878130217024e-01 0.0000000000000000e+00 6.9461260806398506e-01
7.7128547579298834e-01 0.0000000000000000e+00 7.0418530600715534e-01
7.8130217028380633e-01 0.0000000000000000e+00 7.1376707479690793e-01
7.9131886477462432e-01 0.0000000000000000e+00 7.2340954848300065e-01
8.0133555926544242e-01 0.0000000000000000e+00 7.3305202216909504e-01
8.1135225375626041e-01 0.0000000000000000e+00 7.4269449585518843e-01
8.2136894824707840e-01 0.0000000000000000e+00 7.5233696954128304e-01
8.3138564273789650e-01 0.0000000000000000e+00 7.6197944322737654e-01
8.4140233722871449e-01 0.0000000000000000e+00 7.7163015447341110e-01
8.5141903171953259e-01 0.0000000000000000e+00 7.8133146787336716e-01
8.6143572621035058e-01 0.0000000000000000e+00 7.9103278127332322e-01
8.7145242070116857e-01 0.0000000000000000e+00 8.0073409467328005e-01
8.8146911519198667e-01 0.0000000000000000e+00 8.1043540807323611e-01
8.9148580968280466e-01 0.0000000000000000e+00 8.2013672147319217e-01
9.0150250417362265e-01 0.0000000000000000e+00 8.2984462160895756e-01
9.1151919866444076e-01 0.0000000000000000e+00 8.3958984658097491e-01
9.2153589315525875e-01 0.0000000000000000e+00 8.4933507155299304e-01
9.3155258764607674e-01 0.0000000000000000e+00 8.5908029652501050e-01
9.4156928213689484e-01 0.0000000000000000e+00 8.6882552149702796e-01
9.5158597662771283e-01 0.0000000000000000e+00 8.7857074646904521e-01
9.6160267111853082e-01 0.0000000000000000e+00 8.8831991653416287e-01
9.7161936560934892e-01 0.0000000000000000e+00 8.9808979833805813e-01
9.8163606010016691e-01 0.0000000000000000e+00 9.0785968014195217e-01
9.9165275459098501e-01 0.0000000000000000e+00 9.1762956194584755e-01
1.0016694490818030e+00 0.0000000000000000e+00 9.2739944374974081e-01
1.0116861435726210e+00 0.0000000000000000e+00 9.3716932555363608e-01
1.0217028380634390e+00 0.0000000000000000e+00 9.4693933903105110e-01
1.0317195325542572e+00 0.0000000000000000e+00 9.5670999538506951e-01
1.0417362270450752e+00 0.0000000000000000e+00 9.6648065173908726e-01
1.0517529215358932e+00 0.0000000000000000e+00 9.7625130809310479e-01
1.0617696160267112e+00 0.0000000000000000e+00 9.8602196444712231e-01
1.0717863105175292e+00 0.0000000000000000e+00 9.9579262080114084e-01
1.0818030050083471e+00 0.0000000000000000e+00 1.0055582389437125e+00
1.0918196994991654e+00 0.0000000000000000e+00 1.0153009052341428e+00
1.1018363939899833e+00 0.0000000000000000e+00 1.0250435715245734e+00
1.1118530884808013e+00 0.0000000000000000e+00 1.0347862378150041e+00
1.1218697829716193e+00 0.0000000000000000e+00 1.0445289041054349e+00
1.1318864774624373e+00 0.0000000000000000e+00 1.0542715703958652e+00
1.1419031719532553e+00 0.0000000000000000e+00 1.0640024920901097e+00
1.1519198664440735e+00 0.0000000000000000e+00 1.0736833447164027e+00
1.1619365609348915e+00 0.0000000000000000e+00 1.0833641973426960e+00
1.1719532554257095e+00 0.0000000000000000e+00 1.0930450499689899e+00
1.1819699499165275e+00 0.0000000000000000e+00 1.1027259025952829e+00
1.1919866444073455e+00 0.0000000000000000e+00 1.1124067552215759e+00
1.2020033388981637e+00 0.0000000000000000e+00 1.1220674529842478e+00
1.2120200333889817e+00 0.0000000000000000e+00 1.1316475312924301e+00
1.2220367278797997e+00 0.0000000000000000e+00 1.1412276096006146e+00
1.2320534223706177e+00 0.0000000000000000e+00 1.1508076879087965e+00
1.2420701168614356e+00 0.0000000000000000e+00 1.1603877662169808e+00
1.2520868113522536e+00 0.0000000000000000e+00 1.1699678445251629e+00
1.2621035058430718e+00 0.0000000000000000e+00 1.1795175066912513e+00
1.2721202003338898e+00 0.0000000000000000e+00 1.1889527462275560e+00
1.2821368948247078e+00 0.0000000000000000e+00 1.1983879857638593e+00
1.2921535893155258e+00 0.0000000000000000e+00 1.2078232253001633e+00
1.3021702838063438e+00 0.0000000000000000e+00 1.2172584648364666e+00
1.3121869782971620e+00 0.0000000000000000e+00 1.2266937043727704e+00
1.3222036727879800e+00 0.0000000000000000e+00 1.2360863036251870e+00
1.3322203672787980e+00 0.0000000000000000e+00 1.2453277236892775e+00
1.3422370617696160e+00 0.0000000000000000e+00 1.2545691437533679e+00
1.3522537562604340e+00 0.0000000000000000e+00 1.2638105638174586e+00
1.3622704507512520e+00 0.0000000000000000e+00 1.2730519838815491e+00
1.3722871452420702e+00 0.0000000000000000e+00 1.2822934039456400e+00
1.3823038397328882e+00 0.0000000000000000e+00 1.2914779329388544e+00
1.3923205342237062e+00 0.0000000000000000e+00 1.3004720005208799e+00
1.4023372287145242e+00 0.0000000000000000e+00 1.3094660681029056e+00
1.4123539232053421e+00 0.0000000000000000e+00 1.3184601356849310e+00
1.4223706176961604e+00 0.0000000000000000e+00 1.3274542032669572e+00
1.4323873121869783e+00 0.0000000000000000e+00 1.3364482708489838e+00
1.4424040066777963e+00 0.0000000000000000e+00 1.3453691635141394e+00
1.4524207011686143e+00 0.0000000000000000e+00 1.3540583356092168e+00
1.4624373956594323e+00 0.0000000000000000e+00 1.3627475077042932e+00
1.4724540901502503e+00 0.0000000000000000e+00 1.3714366797993707e+00
1.4824707846410685e+00 0.0000000000000000e+00 1.3801258518944470e+00
1.4924874791318865e+00 0.0000000000000000e+00 1.3888150239895238e+00
1.5025041736227045e+00 0.0000000000000000e+00 1.3974127720317073e+00
1.5125208681135225e+00 0.0000000000000000e+00 1.4057362479152176e+00
1.5225375626043405e+00 0.0000000000000000e+00 1.4140597237987276e+00
1.5325542570951585e+00 0.0000000000000000e+00 1.4223831996822371e+00
1.5425709515859767e+00 0.0000000000000000e+00 1.4307066755657467e+00
1.5525876460767947e+00 0.0000000000000000e+00 1.4390301514492569e+00
1.5626043405676127e+00 0.0000000000000000e+00 1.4472421443347403e+00
1.5726210350584306e+00 0.0000000000000000e+00 1.4551368394566144e+00
1.5826377295492486e+00 0.0000000000000000e+00 1.4630315345784890e+00
1.5926544240400669e+00 0.0000000000000000e+00 1.4709262297003634e+00
1.6026711185308848e+00 0.0000000000000000e+00 1.4788209248222381e+00
1.6126878130217028e+00 0.0000000000000000e+00 1.4867156199441129e+00
1.6227045075125208e+00 0.0000000000000000e+00 1.4944772109074311e+00
1.6327212020033388e+00 0.0000000000000000e+00 1.5018789276642925e+00
1.6427378964941568e+00 0.0000000000000000e+00 1.5092806444211533e+00
1.6527545909849750e+00 0.0000000000000000e+00 1.5166823611780149e+00
1.6627712854757930e+00 0.0000000000000000e+00 1.5240840779348777e+00
1.6727879799666110e+00 0.0000000000000000e+00 1.5314857946917382e+00
1.6828046744574290e+00 0.0000000000000000e+00 1.5387315673917388e+00
1.6928213689482470e+00 0.0000000000000000e+00 1.5455763410883911e+00
1.7028380634390652e+00 0.0000000000000000e+00 1.5524211147850449e+00
1.7128547579298832e+00 0.0000000000000000e+00 1.5592658884816983e+00
1.7228714524207012e+00 0.0000000000000000e+00 1.5661106621783507e+00
1.7328881469115192e+00 0.0000000000000000e+00 1.5729554358750042e+00
1.7429048414023371e+00 0.0000000000000000e+00 1.5796206547151297e+00
1.7529215358931551e+00 0.0000000000000000e+00 1.5858462737341112e+00
1.7629382303839733e+00 0.0000000000000000e+00 1.5920718927530941e+00
1.7729549248747913e+00 0.0000000000000000e+00 1.5982975117720752e+00
1.7829716193656093e+00 0.0000000000000000e+00 1.6045231307910577e+00
1.7929883138564273e+00 0.0000000000000000e+00 1.6107487498100401e+00
1.8030050083472453e+00 0.0000000000000000e+00 1.6167709719440995e+00
1.8130217028380635e+00 0.0000000000000000e+00 1.6223186013466868e+00
1.8230383973288815e+00 0.0000000000000000e+00 1.6278662307492733e+00
1.8330550918196995e+00 0.0000000000000000e+00 1.6334138601518604e+00
1.8430717863105175e+00 0.0000000000000000e+00 1.6389614895544478e+00
1.8530884808013355e+00 0.0000000000000000e+00 1.6445091189570342e+00
1.8631051752921535e+00 0.0000000000000000e+00 1.6498298842294565e+00
1.8731218697829717e+00 0.0000000000000000e+00 1.6546456938573297e+00
1.8831385642737897e+00 0.0000000000000000e+00 1.6594615034852023e+00
1.8931552587646077e+00 0.0000000000000000e+00 1.6642773131130753e+00
1.9031719532554257e+00 0.0000000000000000e+00 1.6690931227409476e+00
1.9131886477462436e+00 0.0000000000000000e+00 1.6739089323688208e+00
1.9232053422370616e+00 0.0000000000000000e+00 1.6784754570229330e+00
1.9332220367278798e+00 0.0000000000000000e+00 1.6825122511078174e+00
1.9432387312186978e+00 0.0000000000000000e+00 1.6865490451927003e+00
1.9532554257095158e+00 0.0000000000000000e+00 1.6905858392775845e+00
1.9632721202003338e+00 0.0000000000000000e+00 1.6946226333624677e+00
1.9732888146911518e+00 0.0000000000000000e+00 1.6986594274473512e+00
1.9833055091819700e+00 0.0000000000000000e+00 1.7024262676568993e+00
1.9933222036727880e+00 0.0000000000000000e+00 1.7056450196953248e+00
2.0033388981636060e+00 0.0000000000000000e+00 1.7088637717337498e+00
2.0133555926544240e+00 0.0000000000000000e+00 1.7120825237721762e+00
2.0233722871452420e+00 0.0000000000000000e+00 1.7153012758106017e+00
2.0333889816360600e+00 0.0000000000000000e+00 1.7185200278490278e+00
2.0434056761268780e+00 0.0000000000000000e+00 1.7214505869236099e+00
2.0534223706176959e+00 0.0000000000000000e+00 1.7238217125978030e+00
2.0634390651085144e+00 0.0000000000000000e+00 1.7261928382719962e+00
2.0734557595993324e+00 0.0000000000000000e+00 1.7285639639461892e+00
2.0834724540901504e+00 0.0000000000000000e+00 1.7309350896203828e+00
2.0934891485809684e+00 0.0000000000000000e+00 1.7333062152945757e+00
2.1035058430717863e+00 0.0000000000000000e+00 1.7353739836382027e+00
2.1135225375626043e+00 0.0000000000000000e+00 1.7368783740822196e+00
2.1235392320534223e+00 0.0000000000000000e+00 1.7383827645262364e+00
2.1335559265442403e+00 0.0000000000000000e+00 1.7398871549702535e+00
2.1435726210350583e+00 0.0000000000000000e+00 1.7413915454142708e+00
2.1535893155258763e+00 0.0000000000000000e+00 1.7428959358582876e+00
2.1636060100166943e+00 0.0000000000000000e+00 1.7440854744938643e+00
2.1736227045075123e+00 0.0000000000000000e+00 1.7447152765811151e+00
2.1836393989983307e+00 0.0000000000000000e+00 1.7453450786683657e+00
2.1936560934891487e+00 0.0000000000000000e+00 1.7459748807556170e+00
2.2036727879799667e+00 0.0000000000000000e+00 1.7466046828428679e+00
2.2136894824707847e+00 0.0000000000000000e+00 1.7472344849301187e+00
2.2237061769616027e+00 0.0000000000000000e+00 1.7475420583013510e+00
2.2337228714524207e+00 0.0000000000000000e+00 1.7473009719669417e+00
2.2437395659432386e+00 0.0000000000000000e+00 1.7470598856325328e+00
2.2537562604340566e+00 0.0000000000000000e+00 1.7468187992981232e+00
2.2637729549248746e+00 0.0000000000000000e+00 1.7465777129637143e+00
2.2737896494156926e+00 0.0000000000000000e+00 1.7463366266293052e+00
2.2838063439065106e+00 0.0000000000000000e+00 1.7457703625592060e+00
2.2938230383973290e+00 0.0000000000000000e+00 1.7446735453414128e+00
2.3038397328881470e+00 0.0000000000000000e+00 1.7435767281236199e+00
2.3138564273789650e+00 0.0000000000000000e+00 1.7424799109058275e+00
2.3238731218697830e+00 0.0000000000000000e+00 1.7413830936880343e+00
2.3338898163606010e+00 0.0000000000000000e+00 1.7402862764702416e+00
2.3439065108514190e+00 0.0000000000000000e+00 1.7388659478028496e+00
2.3539232053422370e+00 0.0000000000000000e+00 1.7369396140476352e+00
2.3639398998330550e+00 0.0000000000000000e+00 1.7350132802924212e+00
2.3739565943238730e+00 0.0000000000000000e+00 1.7330869465372070e+00
2.3839732888146909e+00 0.0000000000000000e+00 1.7311606127819925e+00
2.3939899833055089e+00 0.0000000000000000e+00 1.7292342790267783e+00
2.4040066777963274e+00 0.0000000000000000e+00 1.7269907121606920e+00
2.4140233722871454e+00 0.0000000000000000e+00 1.7242712956283113e+00
2.4240400667779634e+00 0.0000000000000000e+00 1.7215518790959290e+00
2.4340567612687813e+00 0.0000000000000000e+00 1.7188324625635474e+00
2.4440734557595993e+00 0.0000000000000000e+00 1.7161130460311653e+00
2.4540901502504173e+00 0.0000000000000000e+00 1.7133936294987839e+00
2.4641068447412353e+00 0.0000000000000000e+00 1.7103677331310185e+00
2.4741235392320533e+00 0.0000000000000000e+00 1.7069008048050265e+00
2.4841402337228713e+00 0.0000000000000000e+00 1.7034338764790347e+00
2.4941569282136893e+00 0.0000000000000000e+00 1.6999669481530431e+00
2.5041736227045073e+00 0.0000000000000000e+00 1.6965000198270519e+00
2.5141903171953257e+00 0.0000000000000000e+00 1.6930330915010601e+00
2.5242070116861437e+00 0.0000000000000000e+00 1.6892745877867328e+00
2.5342237061769617e+00 0.0000000000000000e+00 1.6851134323456680e+00
2.5442404006677797e+00 0.0000000000000000e+00 1.6809522769046024e+00
2.5542570951585977e+00 0.0000000000000000e+00 1.6767911214635378e+00
2.5642737896494157e+00 0.0000000000000000e+00 1.6726299660224722e+00
2.5742904841402336e+00 0.0000000000000000e+00 1.6684688105814074e+00
2.5843071786310516e+00 0.0000000000000000e+00 1.6640347060214902e+00
2.5943238731218696e+00 0.0000000000000000e+00 1.6592387851877552e+00
2.6043405676126876e+00 0.0000000000000000e+00 1.6544428643540194e+00
2.6143572621035056e+00 0.0000000000000000e+00 1.6496469435202845e+00
2.6243739565943240e+00 0.0000000000000000e+00 1.6448510226865474e+00
2.6343906510851420e+00 0.0000000000000000e+00 1.6400551018528127e+00
2.6444073455759600e+00 0.0000000000000000e+00 1.6350080618471314e+00
2.6544240400667780e+00 0.0000000000000000e+00 1.6296414156226180e+00
2.6644407345575960e+00 0.0000000000000000e+00 1.6242747693981054e+00
2.6744574290484140e+00 0.0000000000000000e+00 1.6189081231735929e+00
2.6844741235392320e+00 0.0000000000000000e+00 1.6135414769490790e+00
2.6944908180300500e+00 0.0000000000000000e+00 1.6081748307245658e+00
2.7045075125208680e+00 0.0000000000000000e+00 1.6025814882431426e+00
2.7145242070116860e+00 0.0000000000000000e+00 1.5967110725588358e+00
2.7245409015025039e+00 0.0000000000000000e+00 1.5908406568745270e+00
2.7345575959933224e+00 0.0000000000000000e+00 1.5849702411902196e+00
2.7445742904841404e+00 0.0000000000000000e+00 1.5790998255059123e+00
2.7545909849749584e+00 0.0000000000000000e+00 1.5732294098216049e+00
2.7646076794657763e+00 0.0000000000000000e+00 1.5671586716846149e+00
2.7746243739565943e+00 0.0000000000000000e+00 1.5608527724075238e+00
2.7846410684474123e+00 0.0000000000000000e+00 1.5545468731304335e+00
2.7946577629382303e+00 0.0000000000000000e+00 1.5482409738533425e+00
2.8046744574290483e+00 0.0000000000000000e+00 1.5419350745762519e+00
2.8146911519198663e+00 0.0000000000000000e+00 1.5356291752991600e+00
2.8247078464106843e+00 0.0000000000000000e+00 1.5291506419373619e+00
2.8347245409015023e+00 0.0000000000000000e+00 1.5224774360970672e+00
2.8447412353923207e+00 0.0000000000000000e+00 1.5158042302567734e+00
2.8547579298831387e+00 0.0000000000000000e+00 1.5091310244164786e+00
2.8647746243739567e+00 0.0000000000000000e+00 1.5024578185761839e+00
2.8747913188647747e+00 0.0000000000000000e+00 1.4957846127358907e+00
2.8848080133555927e+00 0.0000000000000000e+00 1.4889671475275066e+00
2.8948247078464107e+00 0.0000000000000000e+00 1.4819934013370279e+00
2.9048414023372287e+00 0.0000000000000000e+00 1.4750196551465495e+00
2.9148580968280466e+00 0.0000000000000000e+00 1.4680459089560705e+00
2.9248747913188646e+00 0.0000000000000000e+00 1.4610721627655929e+00
2.9348914858096826e+00 0.0000000000000000e+00 1.4540984165751145e+00
2.9449081803005006e+00 0.0000000000000000e+00 1.4470088869097903e+00
2.9549248747913190e+00 0.0000000000000000e+00 1.4397988479135091e+00
2.9649415692821370e+00 0.0000000000000000e+00 1.4325888089172272e+00
2.9749582637729550e+00 0.0000000000000000e+00 1.4253787699209457e+00
2.9849749582637730e+00 0.0000000000000000e+00 1.4181687309246636e+00
2.9949916527545910e+00 0.0000000000000000e+00 1.4109586919283819e+00
3.0050083472454090e+00 0.0000000000000000e+00 1.4036609296132270e+00
3.0150250417362270e+00 0.0000000000000000e+00 1.3962754439792011e+00
3.0250417362270450e+00 0.0000000000000000e+00 1.3888899583451753e+00
3.0350584307178630e+00 0.0000000000000000e+00 1.3815044727111512e+00
3.0450751252086810e+00 0.0000000000000000e+00 1.3741189870771253e+00
3.0550918196994989e+00 0.0000000000000000e+00 1.3667335014431010e+00
3.0651085141903169e+00 0.0000000000000000e+00 1.3592874878491605e+00
3.0751252086811354e+00 0.0000000000000000e+00 1.3517833199407940e+00
3.0851419031719534e+00 0.0000000000000000e+00 1.3442791520324289e+00
3.0951585976627713e+00 0.0000000000000000e+00 1.3367749841240633e+00
3.1051752921535893e+00 0.0000000000000000e+00 1.3292708162156968e+00
3.1151919866444073e+00 0.0000000000000000e+00 1.3217666483073289e+00
3.1252086811352253e+00 0.0000000000000000e+00 1.3142279081142001e+00
3.1352253756260433e+00 0.0000000000000000e+00 1.3066572550428286e+00
3.1452420701168613e+00 0.0000000000000000e+00 1.2990866019714555e+00
3.1552587646076793e+00 0.0000000000000000e+00 1.2915159489000827e+00
3.1652754590984973e+00 0.0000000000000000e+00 1.2839452958287114e+00
3.1752921535893153e+00 0.0000000000000000e+00 1.2763746427573397e+00
3.1853088480801337e+00 0.0000000000000000e+00 1.2687938413125042e+00
3.1953255425709517e+00 0.0000000000000000e+00 1.2612040403666727e+00
3.2053422370617697e+00 0.0000000000000000e+00 1.2536142394208425e+00
3.2153589315525877e+00 0.0000000000000000e+00 1.2460244384750099e+00
3.2253756260434057e+00 0.0000000000000000e+00 1.2384346375291801e+00
3.2353923205342237e+00 0.0000000000000000e+00 1.2308448365833489e+00
3.2454090150250416e+00 0.0000000000000000e+00 1.2232675658016152e+00
3.2554257095158596e+00 0.0000000000000000e+00 1.2157009688633691e+00
3.2654424040066776e+00 0.0000000000000000e+00 1.2081343719251243e+00
3.2754590984974956e+00 0.0000000000000000e+00 1.2005677749868786e+00
3.2854757929883136e+00 0.0000000000000000e+00 1.1930011780486340e+00
3.2954924874791320e+00 0.0000000000000000e+00 1.1854345811103879e+00
3.3055091819699500e+00 0.0000000000000000e+00 1.1779012994179416e+00
3.3155258764607680e+00 0.0000000000000000e+00 1.1703952756538720e+00
3.3255425709515860e+00 0.0000000000000000e+00 1.1628892518898037e+00
3.3355592654424040e+00 0.0000000000000000e+00 1.1553832281257366e+00
3.3455759599332220e+00 0.0000000000000000e+00 1.1478772043616694e+00
3.3555926544240400e+00 0.0000000000000000e+00 1.1403711805976016e+00
3.3656093489148580e+00 0.0000000000000000e+00 1.1329172810222539e+00
3.3756260434056760e+00 0.0000000000000000e+00 1.1255043361666153e+00
3.3856427378964939e+00 0.0000000000000000e+00 1.1180913913109769e+00
3.3956594323873119e+00 0.0000000000000000e+00 1.1106784464553376e+00
3.4056761268781304e+00 0.0000000000000000e+00 1.1032655015996971e+00
3.4156928213689484e+00 0.0000000000000000e+00 1.0958525567440587e+00
3.4257095158597664e+00 0.0000000000000000e+00 1.0885085447383962e+00
3.4357262103505843e+00 0.0000000000000000e+00 1.0812165347072777e+00
3.4457429048414023e+00 0.0000000000000000e+00 1.0739245246761582e+00
3.4557595993322203e+00 0.0000000000000000e+00 1.0666325146450397e+00
3.4657762938230383e+00 0.0000000000000000e+00 1.0593405046139199e+00
3.4757929883138563e+00 0.0000000000000000e+00 1.0520484945828017e+00
3.4858096828046743e+00 0.0000000000000000e+00 1.0448402427963295e+00
3.4958263772954923e+00 0.0000000000000000e+00 1.0376926435318428e+00
3.5058430717863103e+00 0.0000000000000000e+00 1.0305450442673532e+00
3.5158597662771287e+00 0.0000000000000000e+00 1.0233974450028667e+00
3.5258764607679467e+00 0.0000000000000000e+00 1.0162498457383788e+00
3.5358931552587647e+00 0.0000000000000000e+00 1.0091022464738910e+00
3.5459098497495827e+00 0.0000000000000000e+00 1.0020513020142829e+00
3.5559265442404007e+00 0.0000000000000000e+00 9.9506752445297775e-01
3.5659432387312187e+00 0.0000000000000000e+00 9.8808374689167178e-01
3.5759599332220366e+00 0.0000000000000000e+00 9.8109996933036570e-01
3.5859766277128546e+00 0.0000000000000000e+00 9.7411619176906095e-01
3.5959933222036726e+00 0.0000000000000000e+00 9.6713241420775609e-01
3.6060100166944906e+00 0.0000000000000000e+00 9.6025634540327431e-01
3.6160267111853086e+00 0.0000000000000000e+00 9.5345208243667501e-01
3.6260434056761270e+00 0.0000000000000000e+00 9.4664781947007703e-01
3.6360601001669450e+00 0.0000000000000000e+00 9.3984355650347784e-01
3.6460767946577630e+00 0.0000000000000000e+00 9.3303929353687987e-01
3.6560934891485810e+00 0.0000000000000000e+00 9.2623503057028067e-01
3.6661101836393990e+00 0.0000000000000000e+00 9.1954779196307468e-01
3.6761268781302170e+00 0.0000000000000000e+00 9.1293537220859156e-01
3.6861435726210350e+00 0.0000000000000000e+00 9.0632295245410943e-01
3.6961602671118530e+00 0.0000000000000000e+00 8.9971053269962609e-01
3.7061769616026710e+00 0.0000000000000000e+00 8.9309811294514296e-01
3.7161936560934890e+00 0.0000000000000000e+00 8.8648569319065984e-01
3.7262103505843069e+00 0.0000000000000000e+00 8.7999799298074810e-01
3.7362270450751254e+00 0.0000000000000000e+00 8.7358673378202145e-01
3.7462437395659434e+00 0.0000000000000000e+00 8.6717547458329491e-01
3.7562604340567614e+00 0.0000000000000000e+00 8.6076421538456960e-01
3.7662771285475793e+00 0.0000000000000000e+00 8.5435295618584406e-01
3.7762938230383973e+00 0.0000000000000000e+00 8.4794169698711763e-01
3.7863105175292153e+00 0.0000000000000000e+00 8.4166136062883967e-01
3.7963272120200333e+00 0.0000000000000000e+00 8.3545791546257053e-01
3.8063439065108513e+00 0.0000000000000000e+00 8.2925447029630017e-01
3.8163606010016693e+00 0.0000000000000000e+00 8.2305102513003014e-01
3.8263772954924873e+00 0.0000000000000000e+00 8.1684757996375990e-01
3.8363939899833053e+00 0.0000000000000000e+00 8.1064413479749053e-01
3.8464106844741233e+00 0.0000000000000000e+00 8.0457645553658308e-01
3.8564273789649417e+00 0.0000000000000000e+00 7.9858514459743857e-01
3.8664440734557597e+00 0.0000000000000000e+00 7.9259383365829406e-01
3.8764607679465777e+00 0.0000000000000000e+00 7.8660252271915043e-01
3.8864774624373957e+00 0.0000000000000000e+00 7.8061121178000570e-01
3.8964941569282137e+00 0.0000000000000000e+00 7.7461990084086241e-01
3.9065108514190316e+00 0.0000000000000000e+00 7.6876796894832333e-01
3.9165275459098496e+00 0.0000000000000000e+00 7.6299108731164922e-01
3.9265442404006676e+00 0.0000000000000000e+00 7.5721420567497444e-01
3.9365609348914856e+00 0.0000000000000000e+00 7.5143732403830021e-01
3.9465776293823036e+00 0.0000000000000000e+00 7.4566044240162532e-01
3.9565943238731216e+00 0.0000000000000000e+00 7.3988356076495121e-01
3.9666110183639400e+00 0.0000000000000000e+00 7.3424856983428310e-01
3.9766277128547580e+00 0.0000000000000000e+00 7.2868667411579924e-01
3.9866444073455760e+00 0.0000000000000000e+00 7.2312477839731448e-01
3.9966611018363940e+00 0.0000000000000000e+00 7.1756288267882862e-01
4.0066777963272120e+00 0.0000000000000000e+00 7.1200098696034475e-01
4.0166944908180300e+00 0.0000000000000000e+00 7.0643909124186077e-01
4.0267111853088480e+00 0.0000000000000000e+00 7.0102062072977789e-01
4.0367278797996660e+00 0.0000000000000000e+00 6.9567279248353242e-01
4.0467445742904840e+00 0.0000000000000000e+00 6.9032496423728795e-01
4.0567612687813019e+00 0.0000000000000000e+00 6.8497713599104337e-01
4.0667779632721199e+00 0.0000000000000000e+00 6.7962930774479813e-01
4.0767946577629379e+00 0.0000000000000000e+00 6.7428147949855266e-01
4.0868113522537559e+00 0.0000000000000000e+00 6.6907774961496314e-01
4.0968280467445739e+00 0.0000000000000000e+00 6.6394183072556179e-01
4.1068447412353919e+00 0.0000000000000000e+00 6.5880591183615866e-01
4.1168614357262099e+00 0.0000000000000000e+00 6.5366999294675665e-01
4.1268781302170288e+00 0.0000000000000000e+00 6.4853407405735453e-01
4.1368948247078468e+00 0.0000000000000000e+00 6.4339815516795318e-01
4.1469115191986647e+00 0.0000000000000000e+00 6.3840625512989735e-01
4.1569282136894827e+00 0.0000000000000000e+00 6.3347905921345748e-01
4.1669449081803007e+00 0.0000000000000000e+00 6.2855186329701784e-01
4.1769616026711187e+00 0.0000000000000000e+00 6.2362466738057898e-01
4.1869782971619367e+00 0.0000000000000000e+00 6.1869747146414000e-01
4.1969949916527547e+00 0.0000000000000000e+00 6.1377027554769936e-01
4.2070116861435727e+00 0.0000000000000000e+00 6.0898636819059260e-01
4.2170283806343907e+00 0.0000000000000000e+00 6.0426387021605599e-01
4.2270450751252087e+00 0.0000000000000000e+00 5.9954137224151938e-01
4.2370617696160267e+00 0.0000000000000000e+00 5.9481887426698177e-01
4.2470784641068446e+00 0.0000000000000000e+00 5.9009637629244427e-01
4.2570951585976626e+00 0.0000000000000000e+00 5.8537387831790766e-01
4.2671118530884806e+00 0.0000000000000000e+00 5.8079337963114752e-01
4.2771285475792986e+00 0.0000000000000000e+00 5.7627088065347642e-01
4.2871452420701166e+00 0.0000000000000000e+00 5.7174838167580533e-01
4.2971619365609346e+00 0.0000000000000000e+00 5.6722588269813423e-01
4.3071786310517526e+00 0.0000000000000000e+00 5.6270338372046413e-01
4.3171953255425706e+00 0.0000000000000000e+00 5.5818088474279293e-01
4.3272120200333886e+00 0.0000000000000000e+00 5.5379862021016113e-01
4.3372287145242066e+00 0.0000000000000000e+00 5.4947089129504345e-01
4.3472454090150245e+00 0.0000000000000000e+00 5.4514316237992566e-01
4.3572621035058434e+00 0.0000000000000000e+00 5.4081543346480709e-01
4.3672787979966614e+00 0.0000000000000000e+00 5.3648770454968864e-01
4.3772954924874794e+00 0.0000000000000000e+00 5.3215997563457018e-01
4.3873121869782974e+00 0.0000000000000000e+00 5.2797031720681342e-01
4.3973288814691154e+00 0.0000000000000000e+00 5.2383172594561256e-01
4.4073455759599334e+00 0.0000000000000000e+00 5.1969313468441136e-01
4.4173622704507514e+00 0.0000000000000000e+00 5.1555454342321028e-01
4.4273789649415694e+00 0.0000000000000000e+00 5.1141595216200986e-01
4.4373956594323873e+00 0.0000000000000000e+00 5.0727736090080966e-01
4.4474123539232053e+00 0.0000000000000000e+00 5.0327434467469667e-01
4.4574290484140233e+00 0.0000000000000000e+00 4.9931896292036959e-01
4.4674457429048413e+00 0.0000000000000000e+00 4.9536358116604318e-01
4.4774624373956593e+00 0.0000000000000000e+00 4.9140819941171704e-01
4.4874791318864773e+00 0.0000000000000000e+00 4.8745281765739001e-01
4.4974958263772953e+00 0.0000000000000000e+00 4.8349743590306238e-01
4.5075125208681133e+00 0.0000000000000000e+00 4.7967486211976096e-01
4.5175292153589313e+00 0.0000000000000000e+00 4.7589655766013300e-01
4.5275459098497493e+00 0.0000000000000000e+00 4.7211825320050449e-01
4.5375626043405672e+00 0.0000000000000000e+00 4.6833994874087592e-01
4.5475792988313852e+00 0.0000000000000000e+00 4.6456164428124791e-01
4.5575959933222032e+00 0.0000000000000000e+00 4.6078333982161995e-01
4.5676126878130212e+00 0.0000000000000000e+00 4.5713485840547319e-01
4.5776293823038401e+00 0.0000000000000000e+00 4.5352737373989804e-01
4.5876460767946581e+00 0.0000000000000000e+00 4.4991988907432251e-01
4.5976627712854761e+00 0.0000000000000000e+00 4.4631240440874803e-01
4.6076794657762941e+00 0.0000000000000000e+00 4.4270491974317361e-01
4.6176961602671120e+00 0.0000000000000000e+00 4.3909743507759857e-01
4.6277128547579300e+00 0.0000000000000000e+00 4.3561661793867817e-01
4.6377295492487480e+00 0.0000000000000000e+00 4.3217363655447183e-01
4.6477462437395660e+00 0.0000000000000000e+00 4.2873065517026543e-01
4.6577629382303840e+00 0.0000000000000000e+00 4.2528767378605847e-01
4.6677796327212020e+00 0.0000000000000000e+00 4.2184469240185163e-01
4.6777963272120200e+00 0.0000000000000000e+00 4.1840171101764528e-01
4.6878130217028380e+00 0.0000000000000000e+00 4.1508211179230381e-01
4.6978297161936560e+00 0.0000000000000000e+00 4.1179731266304992e-01
4.7078464106844740e+00 0.0000000000000000e+00 4.0851251353379664e-01
4.7178631051752919e+00 0.0000000000000000e+00 4.0522771440454380e-01
4.7278797996661099e+00 0.0000000000000000e+00 4.0194291527529102e-01
4.7378964941569279e+00 0.0000000000000000e+00 3.9865811614603769e-01
4.7479131886477459e+00 0.0000000000000000e+00 3.9549331978103019e-01
4.7579298831385639e+00 0.0000000000000000e+00 3.9236042288499856e-01
4.7679465776293819e+00 0.0000000000000000e+00 3.8922752598896687e-01
4.7779632721201999e+00 0.0000000000000000e+00 3.8609462909293485e-01
4.7879799666110179e+00 0.0000000000000000e+00 3.8296173219690216e-01
4.7979966611018368e+00 0.0000000000000000e+00 3.7982883530086992e-01
4.8080133555926547e+00 0.0000000000000000e+00 3.7681249931313915e-01
4.8180300500834727e+00 0.0000000000000000e+00 3.7382530355248217e-01
4.8280467445742907e+00 0.0000000000000000e+00 3.7083810779182474e-01
4.8380634390651087e+00 0.0000000000000000e+00 3.6785091203116738e-01
4.8480801335559267e+00 0.0000000000000000e+00 3.6486371627051051e-01
4.8580968280467447e+00 0.0000000000000000e+00 3.6187652050985353e-01
4.8681135225375627e+00 0.0000000000000000e+00 3.5900240772695208e-01
4.8781302170283807e+00 0.0000000000000000e+00 3.5615482058080700e-01
4.8881469115191987e+00 0.0000000000000000e+00 3.5330723343466186e-01
4.8981636060100167e+00 0.0000000000000000e+00 3.5045964628851733e-01
4.9081803005008346e+00 0.0000000000000000e+00 3.4761205914237220e-01
4.9181969949916526e+00 0.0000000000000000e+00 3.4476447199622717e-01
4.9282136894824706e+00 0.0000000000000000e+00 3.4202647653921331e-01
4.9382303839732886e+00 0.0000000000000000e+00 3.3931253779444648e-01
4.9482470784641066e+00 0.0000000000000000e+00 3.3659859904967915e-01
4.9582637729549246e+00 0.0000000000000000e+00 3.3388466030491193e-01
4.9682804674457426e+00 0.0000000000000000e+00 3.3117072156014504e-01
4.9782971619365606e+00 0.0000000000000000e+00 3.2845678281537827e-01
4.9883138564273786e+00 0.0000000000000000e+00 3.2584895113093776e-01
4.9983305509181966e+00 0.0000000000000000e+00 3.2326285221788886e-01
5.0083472454090145e+00 0.0000000000000000e+00 3.2067675330484052e-01
5.0183639398998334e+00 0.0000000000000000e+00 3.1809065439179179e-01
5.0283806343906514e+00 0.0000000000000000e+00 3.1550455547874340e-01
5.0383973288814694e+00 0.0000000000000000e+00 3.1291845656569456e-01
5.0484140233722874e+00 0.0000000000000000e+00 3.1043500300223320e-01
5.0584307178631054e+00 0.0000000000000000e+00 3.0797110093393076e-01
5.0684474123539234e+00 0.0000000000000000e+00 3.0550719886562822e-01
5.0784641068447414e+00 0.0000000000000000e+00 3.0304329679732533e-01
5.0884808013355594e+00 0.0000000000000000e+00 3.0057939472902201e-01
5.0984974958263773e+00 0.0000000000000000e+00 2.9811549266071952e-01
5.1085141903171953e+00 0.0000000000000000e+00 2.9575081072039683e-01
5.1185308848080133e+00 0.0000000000000000e+00 2.9340363821442206e-01
5.1285475792988313e+00 0.0000000000000000e+00 2.9105646570844723e-01
5.1385642737896493e+00 0.0000000000000000e+00 2.8870929320247291e-01
5.1485809682804673e+00 0.0000000000000000e+00 2.8636212069649852e-01
5.1585976627712853e+00 0.0000000000000000e+00 2.8401494819052375e-01
5.1686143572621033e+00 0.0000000000000000e+00 2.8176361893772878e-01
5.1786310517529213e+00 0.0000000000000000e+00 2.7952789207498563e-01
5.1886477462437393e+00 0.0000000000000000e+00 2.7729216521224226e-01
5.1986644407345572e+00 0.0000000000000000e+00 2.7505643834949889e-01
5.2086811352253752e+00 0.0000000000000000e+00 2.7282071148675535e-01
5.2186978297161932e+00 0.0000000000000000e+00 2.7058498462401220e-01
5.2287145242070112e+00 0.0000000000000000e+00 2.6844178189496298e-01
5.2387312186978292e+00 0.0000000000000000e+00 2.6631240461117717e-01
5.2487479131886481e+00 0.0000000000000000e+00 2.6418302732739118e-01
5.2587646076794661e+00 0.0000000000000000e+00 2.6205365004360515e-01
5.2687813021702841e+00 0.0000000000000000e+00 2.5992427275981961e-01
5.2787979966611021e+00 0.0000000000000000e+00 2.5779489547603407e-01
5.2888146911519200e+00 0.0000000000000000e+00 2.5575478839378024e-01
5.2988313856427380e+00 0.0000000000000000e+00 2.5372685452082583e-01
5.3088480801335560e+00 0.0000000000000000e+00 2.5169892064787164e-01
5.3188647746243740e+00 0.0000000000000000e+00 2.4967098677491761e-01
5.3288814691151920e+00 0.0000000000000000e+00 2.4764305290196317e-01
5.3388981636060100e+00 0.0000000000000000e+00 2.4561511902900873e-01
5.3489148580968280e+00 0.0000000000000000e+00 2.4367327286481988e-01
5.3589315525876460e+00 0.0000000000000000e+00 2.4174206675452253e-01
5.3689482470784640e+00 0.0000000000000000e+00 2.3981086064422494e-01
5.3789649415692820e+00 0.0000000000000000e+00 2.3787965453392693e-01
5.3889816360600999e+00 0.0000000000000000e+00 2.3594844842362958e-01
5.3989983305509179e+00 0.0000000000000000e+00 2.3401724231333226e-01
5.4090150250417359e+00 0.0000000000000000e+00 2.3216901781760552e-01
5.4190317195325539e+00 0.0000000000000000e+00 2.3033001350127477e-01
5.4290484140233719e+00 0.0000000000000000e+00 2.2849100918494430e-01
5.4390651085141899e+00 0.0000000000000000e+00 2.2665200486861384e-01
5.4490818030050079e+00 0.0000000000000000e+00 2.2481300055228312e-01
5.4590984974958259e+00 0.0000000000000000e+00 2.2297399623595238e-01
5.4691151919866448e+00 0.0000000000000000e+00 2.2121494724099550e-01
5.4791318864774627e+00 0.0000000000000000e+00 2.1946380591518472e-01
5.4891485809682807e+00 0.0000000000000000e+00 2.1771266458937430e-01
5.4991652754590987e+00 0.0000000000000000e+00 2.1596152326356360e-01
5.5091819699499167e+00 0.0000000000000000e+00 2.1421038193775283e-01
5.5191986644407347e+00 0.0000000000000000e+00 2.1245924061194241e-01
5.5292153589315527e+00 0.0000000000000000e+00 2.1078511071244363e-01
5.5392320534223707e+00 0.0000000000000000e+00 2.0911767745871016e-01
5.5492487479131887e+00 0.0000000000000000e+00 2.0745024420497662e-01
5.5592654424040067e+00 0.0000000000000000e+00 2.0578281095124343e-01
5.5692821368948247e+00 0.0000000000000000e+00 2.0411537769751023e-01
5.5792988313856426e+00 0.0000000000000000e+00 2.0244794444377645e-01
5.5893155258764606e+00 0.0000000000000000e+00 2.0085466319626877e-01
5.5993322203672786e+00 0.0000000000000000e+00 1.9926696328256266e-01
5.6093489148580966e+00 0.0000000000000000e+00 1.9767926336885652e-01
5.6193656093489146e+00 0.0000000000000000e+00 1.9609156345515014e-01
5.6293823038397326e+00 0.0000000000000000e+00 1.9450386354144372e-01
5.6393989983305506e+00 0.0000000000000000e+00 1.9291616362773764e-01
5.6494156928213686e+00 0.0000000000000000e+00 1.9139984165120791e-01
5.6594323873121866e+00 0.0000000000000000e+00 1.8988807571322053e-01
5.6694490818030046e+00 0.0000000000000000e+00 1.8837630977523312e-01
5.6794657762938225e+00 0.0000000000000000e+00 1.8686454383724577e-01
5.6894824707846414e+00 0.0000000000000000e+00 1.8535277789925833e-01
5.6994991652754594e+00 0.0000000000000000e+00 1.8384101196127123e-01
5.7095158597662774e+00 0.0000000000000000e+00 1.8239793557199085e-01
5.7195325542570954e+00 0.0000000000000000e+00 1.8095847442211560e-01
5.7295492487479134e+00 0.0000000000000000e+00 1.7951901327224051e-01
5.7395659432387314e+00 0.0000000000000000e+00 1.7807955212236548e-01
5.7495826377295494e+00 0.0000000000000000e+00 1.7664009097249020e-01
5.7595993322203674e+00 0.0000000000000000e+00 1.7520062982261492e-01
5.7696160267111853e+00 0.0000000000000000e+00 1.7382725572631214e-01
5.7796327212020033e+00 0.0000000000000000e+00 1.7245663525724070e-01
5.7896494156928213e+00 0.0000000000000000e+00 1.7108601478816932e-01
5.7996661101836393e+00 0.0000000000000000e+00 1.6971539431909788e-01
5.8096828046744573e+00 0.0000000000000000e+00 1.6834477385002669e-01
5.8196994991652753e+00 0.0000000000000000e+00 1.6697415338095559e-01
5.8297161936560933e+00 0.0000000000000000e+00 1.6566710275521523e-01
5.8397328881469113e+00 0.0000000000000000e+00 1.6436201820710311e-01
5.8497495826377293e+00 0.0000000000000000e+00 1.6305693365899129e-01
5.8597662771285473e+00 0.0000000000000000e+00 1.6175184911087950e-01
5.8697829716193652e+00 0.0000000000000000e+00 1.6044676456276719e-01
5.8797996661101832e+00 0.0000000000000000e+00 1.5914168001465512e-01
5.8898163606010012e+00 0.0000000000000000e+00 1.5789773237709206e-01
5.8998330550918192e+00 0.0000000000000000e+00 1.5665503243158060e-01
5.9098497495826381e+00 0.0000000000000000e+00 1.5541233248606884e-01
5.9198664440734561e+00 0.0000000000000000e+00 1.5416963254055713e-01
5.9298831385642741e+00 0.0000000000000000e+00 1.5292693259504545e-01
5.9398998330550921e+00 0.0000000000000000e+00 1.5168423264953390e-01
5.9499165275459100e+00 0.0000000000000000e+00 1.5050031998712146e-01
5.9599332220367280e+00 0.0000000000000000e+00 1.4931700113564869e-01
5.9699499165275460e+00 0.0000000000000000e+00 1.4813368228417573e-01
5.9799666110183640e+00 0.0000000000000000e+00 1.4695036343270318e-01
5.9899833055091820e+00 0.0000000000000000e+00 1.4576704458123063e-01
6.0000000000000000e+00 0.0000000000000000e+00 1.4458372572975789e-01
