-6.0000000000000000e+00 0.0000000000000000e+00 3.2398546848797877e-05
-5.9400000000000004e+00 0.0000000000000000e+00 3.2439208134545154e-05
-5.8799999999999999e+00 0.0000000000000000e+00 3.2479722677862592e-05
-5.8200000000000003e+00 0.0000000000000000e+00 3.2520130632145340e-05
-5.7599999999999998e+00 0.0000000000000000e+00 3.2560472790008126e-05
-5.7000000000000002e+00 0.0000000000000000e+00 3.2600790565649192e-05
-5.6399999999999997e+00 0.0000000000000000e+00 3.2641125976816328e-05
-5.5800000000000001e+00 0.0000000000000000e+00 3.2681521626185044e-05
-5.5199999999999996e+00 0.0000000000000000e+00 3.2722020682244521e-05
-5.4600000000000000e+00 0.0000000000000000e+00 3.2762666859678760e-05
-5.4000000000000004e+00 0.0000000000000000e+00 3.2803504399230775e-05
-5.3399999999999999e+00 0.0000000000000000e+00 3.2844578047100365e-05
-5.2800000000000002e+00 0.0000000000000000e+00 3.2885933033892817e-05
-5.2199999999999998e+00 0.0000000000000000e+00 3.2927615053029833e-05
-5.1600000000000001e+00 0.0000000000000000e+00 3.2969670238787934e-05
-5.0999999999999996e+00 0.0000000000000000e+00 3.3012145143869568e-05
-5.0400000000000000e+00 0.0000000000000000e+00 3.3055086716521457e-05
-4.9800000000000004e+00 0.0000000000000000e+00 3.3098542277289303e-05
-4.9199999999999999e+00 0.0000000000000000e+00 3.3142559495365702e-05
-4.8600000000000003e+00 0.0000000000000000e+00 3.3187186364532346e-05
-4.7999999999999998e+00 0.0000000000000000e+00 3.3232471178766993e-05
-4.7400000000000002e+00 0.0000000000000000e+00 3.3278462507486359e-05
-4.6799999999999997e+00 0.0000000000000000e+00 3.3325209170475249e-05
-4.6200000000000001e+00 0.0000000000000000e+00 3.3372760212450734e-05
-4.5599999999999996e+00 0.0000000000000000e+00 3.3421164877444628e-05
-4.5000000000000000e+00 0.0000000000000000e+00 3.3470472582724950e-05
-4.4400000000000004e+00 0.0000000000000000e+00 3.3520732892673163e-05
-4.3799999999999999e+00 0.0000000000000000e+00 3.3571995492243117e-05
-4.3200000000000003e+00 0.0000000000000000e+00 3.3624310160276018e-05
-4.2599999999999998e+00 0.0000000000000000e+00 3.3677726742645605e-05
-4.2000000000000002e+00 0.0000000000000000e+00 3.3732295125110597e-05
-4.1399999999999997e+00 0.0000000000000000e+00 3.3788065206158462e-05
-4.0800000000000001e+00 0.0000000000000000e+00 3.3845086869561226e-05
-4.0199999999999996e+00 0.0000000000000000e+00 3.3903409956917619e-05
-3.9600000000000000e+00 0.0000000000000000e+00 3.3963084240030858e-05
-3.8999999999999999e+00 0.0000000000000000e+00 3.4024159393218227e-05
-3.8399999999999999e+00 0.0000000000000000e+00 3.4086684965646579e-05
-3.7799999999999998e+00 0.0000000000000000e+00 3.4150710353486228e-05
-3.7200000000000002e+00 0.0000000000000000e+00 3.4216284772177382e-05
-3.6600000000000001e+00 0.0000000000000000e+00 3.4283457228624479e-05
-3.6000000000000001e+00 0.0000000000000000e+00 3.4352276493498614e-05
-3.5400000000000000e+00 0.0000000000000000e+00 3.4422791073483700e-05
-3.4800000000000000e+00 0.0000000000000000e+00 3.4495049183735563e-05
-3.4199999999999999e+00 0.0000000000000000e+00 3.4569098720259832e-05
-3.3599999999999999e+00 0.0000000000000000e+00 3.4644987232608911e-05
-3.2999999999999998e+00 0.0000000000000000e+00 3.4722761896536554e-05
-3.2400000000000002e+00 0.0000000000000000e+00 3.4802469486924038e-05
-3.1800000000000002e+00 0.0000000000000000e+00 3.4884156350811394e-05
-3.1200000000000001e+00 0.0000000000000000e+00 3.4967868380722994e-05
-3.0600000000000001e+00 0.0000000000000000e+00 3.5053650988103516e-05
-3.0000000000000000e+00 0.0000000000000000e+00 3.5141549077092720e-05
-2.9399999999999999e+00 0.0000000000000000e+00 3.5231607018491369e-05
-2.8799999999999999e+00 0.0000000000000000e+00 3.5323868624054792e-05
-2.8199999999999998e+00 0.0000000000000000e+00 3.5418377121061733e-05
-2.7599999999999998e+00 0.0000000000000000e+00 3.5515175127227540e-05
-2.7000000000000002e+00 0.0000000000000000e+00 3.5614304625924937e-05
-2.6400000000000001e+00 0.0000000000000000e+00 3.5715806941800753e-05
-2.5800000000000001e+00 0.0000000000000000e+00 3.5819722716742087e-05
-2.5200000000000000e+00 0.0000000000000000e+00 3.5926091886222163e-05
-2.4600000000000000e+00 0.0000000000000000e+00 3.6034953656107399e-05
-2.3999999999999999e+00 0.0000000000000000e+00 3.6146346479865743e-05
-2.3399999999999999e+00 0.0000000000000000e+00 3.6260308036180610e-05
-2.2799999999999998e+00 0.0000000000000000e+00 3.6376875207076237e-05
-2.2200000000000002e+00 0.0000000000000000e+00 3.6496084056521168e-05
-2.1600000000000001e+00 0.0000000000000000e+00 3.6617969809449156e-05
-2.1000000000000001e+00 0.0000000000000000e+00 3.6742566831381482e-05
-2.0400000000000000e+00 0.0000000000000000e+00 3.6869908608493026e-05
-1.9800000000000000e+00 0.0000000000000000e+00 3.7000027728223693e-05
-1.9199999999999999e+00 0.0000000000000000e+00 3.7132955860447457e-05
-1.8600000000000001e+00 0.0000000000000000e+00 3.7268723739191295e-05
-1.8000000000000000e+00 0.0000000000000000e+00 3.7407361144901869e-05
-1.7400000000000000e+00 0.0000000000000000e+00 3.7548896887286295e-05
-1.6799999999999999e+00 0.0000000000000000e+00 3.7693358788773505e-05
-1.6200000000000001e+00 0.0000000000000000e+00 3.7840773668521450e-05
-1.5600000000000001e+00 0.0000000000000000e+00 3.7991167327051787e-05
-1.5000000000000000e+00 0.0000000000000000e+00 3.8144564531499963e-05
-1.4399999999999999e+00 0.0000000000000000e+00 3.8300989001459053e-05
-1.3799999999999999e+00 0.0000000000000000e+00 3.8460463395469357e-05
-1.3200000000000001e+00 0.0000000000000000e+00 3.8623009298132874e-05
-1.2600000000000000e+00 0.0000000000000000e+00 3.8788647207855419e-05
-1.2000000000000000e+00 0.0000000000000000e+00 3.8957396525230755e-05
-1.1399999999999999e+00 0.0000000000000000e+00 3.9129275542087218e-05
-1.0800000000000001e+00 0.0000000000000000e+00 3.9304301431148341e-05
-1.0200000000000000e+00 0.0000000000000000e+00 3.9482490236379756e-05
-9.5999999999999996e-01 0.0000000000000000e+00 3.9663856863961867e-05
-9.0000000000000002e-01 0.0000000000000000e+00 3.9848415073933844e-05
-8.3999999999999997e-01 0.0000000000000000e+00 4.0036177472490636e-05
-7.8000000000000003e-01 0.0000000000000000e+00 4.0227155504925146e-05
-7.1999999999999997e-01 0.0000000000000000e+00 4.0421359449247234e-05
-6.6000000000000003e-01 0.0000000000000000e+00 4.0618798410436177e-05
-5.9999999999999998e-01 0.0000000000000000e+00 4.0819480315370231e-05
-5.4000000000000004e-01 0.0000000000000000e+00 4.1023411908384602e-05
-4.7999999999999998e-01 0.0000000000000000e+00 4.1230598747504739e-05
-4.1999999999999998e-01 0.0000000000000000e+00 4.1441045201308800e-05
-3.5999999999999999e-01 0.0000000000000000e+00 4.1654754446442566e-05
-2.9999999999999999e-01 0.0000000000000000e+00 4.1871728465776802e-05
-2.3999999999999999e-01 0.0000000000000000e+00 4.2091968047193364e-05
-1.7999999999999999e-01 0.0000000000000000e+00 4.2315472783011990e-05
-1.2000000000000000e-01 0.0000000000000000e+00 4.2542241070036817e-05
-5.9999999999999998e-02 0.0000000000000000e+00 4.2772270110227916e-05
0.0000000000000000e+00 0.0000000000000000e+00 0.0000000000000000e+00
5.9999999999999998e-02 0.0000000000000000e+00 4.2772270110227916e-05
1.2000000000000000e-01 0.0000000000000000e+00 4.2542241070036817e-05
1.7999999999999999e-01 0.0000000000000000e+00 4.2315472783011990e-05
2.3999999999999999e-01 0.0000000000000000e+00 4.2091968047193364e-05
2.9999999999999999e-01 0.0000000000000000e+00 4.1871728465776802e-05
3.5999999999999999e-01 0.0000000000000000e+00 4.1654754446442566e-05
4.1999999999999998e-01 0.0000000000000000e+00 4.1441045201308800e-05
4.7999999999999998e-01 0.0000000000000000e+00 4.1230598747504739e-05
5.4000000000000004e-01 0.0000000000000000e+00 4.1023411908384602e-05
5.9999999999999998e-01 0.0000000000000000e+00 4.0819480315370231e-05
6.6000000000000003e-01 0.0000000000000000e+00 4.0618798410436177e-05
7.1999999999999997e-01 0.0000000000000000e+00 4.0421359449247234e-05
7.8000000000000003e-01 0.0000000000000000e+00 4.0227155504925146e-05
8.3999999999999997e-01 0.0000000000000000e+00 4.0036177472490636e-05
9.0000000000000002e-01 0.0000000000000000e+00 3.9848415073933844e-05
9.5999999999999996e-01 0.0000000000000000e+00 3.9663856863961867e-05
1.0200000000000000e+00 0.0000000000000000e+00 3.9482490236379756e-05
1.0800000000000001e+00 0.0000000000000000e+00 3.9304301431148341e-05
1.1399999999999999e+00 0.0000000000000000e+00 3.9129275542087218e-05
1.2000000000000000e+00 0.0000000000000000e+00 3.8957396525230755e-05
1.2600000000000000e+00 0.0000000000000000e+00 3.8788647207855419e-05
1.3200000000000001e+00 0.0000000000000000e+00 3.8623009298132874e-05
1.3799999999999999e+00 0.0000000000000000e+00 3.8460463395469357e-05
1.4399999999999999e+00 0.0000000000000000e+00 3.8300989001459053e-05
1.5000000000000000e+00 0.0000000000000000e+00 3.8144564531499963e-05
1.5600000000000001e+00 0.0000000000000000e+00 3.7991167327051787e-05
1.6200000000000001e+00 0.0000000000000000e+00 3.7840773668521450e-05
1.6799999999999999e+00 0.0000000000000000e+00 3.7693358788773505e-05
1.7400000000000000e+00 0.0000000000000000e+00 3.7548896887286295e-05
1.8000000000000000e+00 0.0000000000000000e+00 3.7407361144901869e-05
1.8600000000000001e+00 0.0000000000000000e+00 3.7268723739191295e-05
1.9199999999999999e+00 0.0000000000000000e+00 3.7132955860447457e-05
1.9800000000000000e+00 0.0000000000000000e+00 3.7000027728223693e-05
2.0400000000000000e+00 0.0000000000000000e+00 3.6869908608493026e-05
2.1000000000000001e+00 0.0000000000000000e+00 3.6742566831381482e-05
2.1600000000000001e+00 0.0000000000000000e+00 3.6617969809449156e-05
2.2200000000000002e+00 0.0000000000000000e+00 3.6496084056521168e-05
2.2799999999999998e+00 0.0000000000000000e+00 3.6376875207076237e-05
2.3399999999999999e+00 0.0000000000000000e+00 3.6260308036180610e-05
2.3999999999999999e+00 0.0000000000000000e+00 3.6146346479865743e-05
2.4600000000000000e+00 0.0000000000000000e+00 3.6034953656107399e-05
2.5200000000000000e+00 0.0000000000000000e+00 3.5926091886222163e-05
2.5800000000000001e+00 0.0000000000000000e+00 3.5819722716742087e-05
2.6400000000000001e+00 0.0000000000000000e+00 3.5715806941800753e-05
2.7000000000000002e+00 0.0000000000000000e+00 3.5614304625924937e-05
2.7599999999999998e+00 0.0000000000000000e+00 3.5515175127227540e-05
2.8199999999999998e+00 0.0000000000000000e+00 3.5418377121061733e-05
2.8799999999999999e+00 0.0000000000000000e+00 3.5323868624054792e-05
2.9399999999999999e+00 0.0000000000000000e+00 3.5231607018491369e-05
3.0000000000000000e+00 0.0000000000000000e+00 3.5141549077092720e-05
3.0600000000000001e+00 0.0000000000000000e+00 3.5053650988103516e-05
3.1200000000000001e+00 0.0000000000000000e+00 3.4967868380722994e-05
3.1800000000000002e+00 0.0000000000000000e+00 3.4884156350811394e-05
3.2400000000000002e+00 0.0000000000000000e+00 3.4802469486924038e-05
3.2999999999999998e+00 0.0000000000000000e+00 3.4722761896536554e-05
3.3599999999999999e+00 0.0000000000000000e+00 3.4644987232608911e-05
3.4199999999999999e+00 0.0000000000000000e+00 3.4569098720259832e-05
3.4800000000000000e+00 0.0000000000000000e+00 3.4495049183735563e-05
3.5400000000000000e+00 0.0000000000000000e+00 3.4422791073483700e-05
3.6000000000000001e+00 0.0000000000000000e+00 3.4352276493498614e-05
3.6600000000000001e+00 0.0000000000000000e+00 3.4283457228624479e-05
3.7200000000000002e+00 0.0000000000000000e+00 3.4216284772177382e-05
3.7799999999999998e+00 0.0000000000000000e+00 3.4150710353486228e-05
3.8399999999999999e+00 0.0000000000000000e+00 3.4086684965646579e-05
3.8999999999999999e+00 0.0000000000000000e+00 3.4024159393218227e-05
3.9600000000000000e+00 0.0000000000000000e+00 3.3963084240030858e-05
4.0199999999999996e+00 0.0000000000000000e+00 3.3903409956917619e-05
4.0800000000000001e+00 0.0000000000000000e+00 3.3845086869561226e-05
4.1399999999999997e+00 0.0000000000000000e+00 3.3788065206158462e-05
4.2000000000000002e+00 0.0000000000000000e+00 3.3732295125110597e-05
4.2599999999999998e+00 0.0000000000000000e+00 3.3677726742645605e-05
4.3200000000000003e+00 0.0000000000000000e+00 3.3624310160276018e-05
4.3799999999999999e+00 0.0000000000000000e+00 3.3571995492243117e-05
4.4400000000000004e+00 0.0000000000000000e+00 3.3520732892673163e-05
4.5000000000000000e+00 0.0000000000000000e+00 3.3470472582724950e-05
4.5599999999999996e+00 0.0000000000000000e+00 3.3421164877444628e-05
4.6200000000000001e+00 0.0000000000000000e+00 3.3372760212450734e-05
4.6799999999999997e+00 0.0000000000000000e+00 3.3325209170475249e-05
4.7400000000000002e+00 0.0000000000000000e+00 3.3278462507486359e-05
4.7999999999999998e+00 0.0000000000000000e+00 3.3232471178766993e-05
4.8600000000000003e+00 0.0000000000000000e+00 3.3187186364532346e-05
4.9199999999999999e+00 0.0000000000000000e+00 3.3142559495365702e-05
4.9800000000000004e+00 0.0000000000000000e+00 3.3098542277289303e-05
5.0400000000000000e+00 0.0000000000000000e+00 3.3055086716521457e-05
5.0999999999999996e+00 0.0000000000000000e+00 3.3012145143869568e-05
5.1600000000000001e+00 0.0000000000000000e+00 3.2969670238787934e-05
5.2199999999999998e+00 0.0000000000000000e+00 3.2927615053029833e-05
5.2800000000000002e+00 0.0000000000000000e+00 3.2885933033892817e-05
5.3399999999999999e+00 0.0000000000000000e+00 3.2844578047100365e-05
5.4000000000000004e+00 0.0000000000000000e+00 3.2803504399230775e-05
5.4600000000000000e+00 0.0000000000000000e+00 3.2762666859678760e-05
5.5199999999999996e+00 0.0000000000000000e+00 3.2722020682244521e-05
5.5800000000000001e+00 0.0000000000000000e+00 3.2681521626185044e-05
5.6399999999999997e+00 0.0000000000000000e+00 3.2641125976816328e-05
5.7000000000000002e+00 0.0000000000000000e+00 3.2600790565649192e-05
5.7599999999999998e+00 0.0000000000000000e+00 3.2560472790008126e-05
5.8200000000000003e+00 0.0000000000000000e+00 3.2520130632145340e-05
5.8799999999999999e+00 0.0000000000000000e+00 3.2479722677862592e-05
5.9400000000000004e+00 0.0000000000000000e+00 3.2439208134545154e-05
6.0000000000000000e+00 0.0000000000000000e+00 3.2398546848797877e-05
