0.0000000000000000e+00 0.0000000000000000e+00 6.9447447981169072e-14
1.0016694490818030e-02 0.0000000000000000e+00 8.8679133715899288e-03
2.0033388981636060e-02 0.0000000000000000e+00 1.7735826743110413e-02
3.0050083472454088e-02 0.0000000000000000e+00 2.6603740114630892e-02
4.0066777963272120e-02 0.0000000000000000e+00 3.5471653486152138e-02
5.0083472454090151e-02 0.0000000000000000e+00 4.4339566857672617e-02
6.0100166944908176e-02 0.0000000000000000e+00 5.3207599291138566e-02
7.0116861435726208e-02 0.0000000000000000e+00 6.2087418857200878e-02
8.0133555926544239e-02 0.0000000000000000e+00 7.0967238423263176e-02
9.0150250417362271e-02 0.0000000000000000e+00 7.9847057989326245e-02
1.0016694490818030e-01 0.0000000000000000e+00 8.8726877555388564e-02
1.1018363939899833e-01 0.0000000000000000e+00 9.7606697121451633e-02
1.2020033388981635e-01 0.0000000000000000e+00 1.0648698913362072e-01
1.3021702838063440e-01 0.0000000000000000e+00 1.1539043100501750e-01
1.4023372287145242e-01 0.0000000000000000e+00 1.2429387287641504e-01
1.5025041736227046e-01 0.0000000000000000e+00 1.3319731474781180e-01
1.6026711185308848e-01 0.0000000000000000e+00 1.4210075661920854e-01
1.7028380634390650e-01 0.0000000000000000e+00 1.5100419849060531e-01
1.8030050083472454e-01 0.0000000000000000e+00 1.5990868773455816e-01
1.9031719532554256e-01 0.0000000000000000e+00 1.6884704202446013e-01
2.0033388981636061e-01 0.0000000000000000e+00 1.7778539631436210e-01
2.1035058430717862e-01 0.0000000000000000e+00 1.8672375060426413e-01
2.2036727879799667e-01 0.0000000000000000e+00 1.9566210489416613e-01
2.3038397328881469e-01 0.0000000000000000e+00 2.0460045918406883e-01
2.4040066777963270e-01 0.0000000000000000e+00 2.1354063596470954e-01
2.5041736227045075e-01 0.0000000000000000e+00 2.2252455252307507e-01
2.6043405676126880e-01 0.0000000000000000e+00 2.3150846908144054e-01
2.7045075125208679e-01 0.0000000000000000e+00 2.4049238563980607e-01
2.8046744574290483e-01 0.0000000000000000e+00 2.4947630219817235e-01
2.9048414023372288e-01 0.0000000000000000e+00 2.5846021875653780e-01
3.0050083472454092e-01 0.0000000000000000e+00 2.6744690255983927e-01
3.1051752921535891e-01 0.0000000000000000e+00 2.7648616401691867e-01
3.2053422370617696e-01 0.0000000000000000e+00 2.8552542547399812e-01
3.3055091819699500e-01 0.0000000000000000e+00 2.9456468693107835e-01
3.4056761268781299e-01 0.0000000000000000e+00 3.0360394838815852e-01
3.5058430717863104e-01 0.0000000000000000e+00 3.1264320984523786e-01
3.6060100166944908e-01 0.0000000000000000e+00 3.2168631235029954e-01
3.7061769616026713e-01 0.0000000000000000e+00 3.3078959127374524e-01
3.8063439065108512e-01 0.0000000000000000e+00 3.3989287019719167e-01
3.9065108514190316e-01 0.0000000000000000e+00 3.4899614912063742e-01
4.0066777963272121e-01 0.0000000000000000e+00 3.5809942804408312e-01
4.1068447412353920e-01 0.0000000000000000e+00 3.6720270696752882e-01
4.2070116861435725e-01 0.0000000000000000e+00 3.7631097845608430e-01
4.3071786310517529e-01 0.0000000000000000e+00 3.8548557973823816e-01
4.4073455759599334e-01 0.0000000000000000e+00 3.9466018102039124e-01
4.5075125208681133e-01 0.0000000000000000e+00 4.0383478230254438e-01
4.6076794657762937e-01 0.0000000000000000e+00 4.1300938358469741e-01
4.7078464106844742e-01 0.0000000000000000e+00 4.2218398486685044e-01
4.8080133555926541e-01 0.0000000000000000e+00 4.3136474501560773e-01
4.9081803005008345e-01 0.0000000000000000e+00 4.4061633213029877e-01
5.0083472454090150e-01 0.0000000000000000e+00 4.4986791924498970e-01
5.1085141903171949e-01 0.0000000000000000e+00 4.5911950635968063e-01
5.2086811352253759e-01 0.0000000000000000e+00 4.6837109347437156e-01
5.3088480801335558e-01 0.0000000000000000e+00 4.7762268058906343e-01
5.4090150250417357e-01 0.0000000000000000e+00 4.8688153193229000e-01
5.5091819699499167e-01 0.0000000000000000e+00 4.9621383269737501e-01
5.6093489148580966e-01 0.0000000000000000e+00 5.0554613346245825e-01
5.7095158597662765e-01 0.0000000000000000e+00 5.1487843422754331e-01
5.8096828046744575e-01 0.0000000000000000e+00 5.2421073499262827e-01
5.9098497495826374e-01 0.0000000000000000e+00 5.3354303575771245e-01
6.0100166944908184e-01 0.0000000000000000e+00 5.4288355588324999e-01
6.1101836393989983e-01 0.0000000000000000e+00 5.5229805025286505e-01
6.2103505843071782e-01 0.0000000000000000e+00 5.6171254462248033e-01
6.3105175292153592e-01 0.0000000000000000e+00 5.7112703899209627e-01
6.4106844741235391e-01 0.0000000000000000e+00 5.8054153336171166e-01
6.5108514190317190e-01 0.0000000000000000e+00 5.8995602773132683e-01
6.6110183639399001e-01 0.0000000000000000e+00 5.9937944265843168e-01
6.7111853088480800e-01 0.0000000000000000e+00 6.0887503300522383e-01
6.8113522537562599e-01 0.0000000000000000e+00 6.1837062335201698e-01
6.9115191986644409e-01 0.0000000000000000e+00 6.2786621369880902e-01
7.0116861435726208e-01 0.0000000000000000e+00 6.3736180404560117e-01
7.1118530884808018e-01 0.0000000000000000e+00 6.4685739439239343e-01
7.2120200333889817e-01 0.0000000000000000e+00 6.5636223376018810e-01
7.3121869782971616e-01 0.0000000000000000e+00 6.6593489928199978e-01
7.4123539232053426e-01 0.0000000000000000e+00 6.7550756480381069e-01
7.5125208681135225e-01 0.0000000000000000e+00 6.8508023032562149e-01
7.6126878130217024e-01 0.0000000000000000e+00 6.9465289584743251e-01
7.7128547579298834e-01 0.0000000000000000e+00 7.0422556136924319e-01
7.8130217028380633e-01 0.0000000000000000e+00 7.1380729780764751e-01
7.9131886477462432e-01 0.0000000000000000e+00 7.2344973961093018e-01
8.0133555926544242e-01 0.0000000000000000e+00 7.3309218141421451e-01
8.1135225375626041e-01 0.0000000000000000e+00 7.4273462321749772e-01
8.2136894824707840e-01 0.0000000000000000e+00 7.5237706502078228e-01
8.3138564273789650e-01 0.0000000000000000e+00 7.6201950682406572e-01
8.4140233722871449e-01 0.0000000000000000e+00 7.7167018626244688e-01
8.5141903171953259e-01 0.0000000000000000e+00 7.8137146831642657e-01
8.6143572621035058e-01 0.0000000000000000e+00 7.9107275037040625e-01
8.7145242070116857e-01 0.0000000000000000e+00 8.0077403242438672e-01
8.8146911519198667e-01 0.0000000000000000e+00 8.1047531447836640e-01
8.9148580968280466e-01 0.0000000000000000e+00 8.2017659653234598e-01
9.0150250417362265e-01 0.0000000000000000e+00 8.2988446540237348e-01
9.1151919866444076e-01 0.0000000000000000e+00 8.3962965956333746e-01
9.2153589315525875e-01 0.0000000000000000e+00 8.4937485372430210e-01
9.3155258764607674e-01 0.0000000000000000e+00 8.5912004788526619e-01
9.4156928213689484e-01 0.0000000000000000e+00 8.6886524204623017e-01
9.5158597662771283e-01 0.0000000000000000e+00 8.7861043620719403e-01
9.6160267111853082e-01 0.0000000000000000e+00 8.8835957554650924e-01
9.7161936560934892e-01 0.0000000000000000e+00 8.9812942707216947e-01
9.8163606010016691e-01 0.0000000000000000e+00 9.0789927859782860e-01
9.9165275459098501e-01 0.0000000000000000e+00 9.1766913012348894e-01
1.0016694490818030e+00 0.0000000000000000e+00 9.2743898164914718e-01
1.0116861435726210e+00 0.0000000000000000e+00 9.3720883317480752e-01
1.0217028380634390e+00 0.0000000000000000e+00 9.4697881646417614e-01
1.0317195325542572e+00 0.0000000000000000e+00 9.5674944307048082e-01
1.0417362270450752e+00 0.0000000000000000e+00 9.6652006967678483e-01
1.0517529215358932e+00 0.0000000000000000e+00 9.7629069628308862e-01
1.0617696160267112e+00 0.0000000000000000e+00 9.8606132288939241e-01
1.0717863105175292e+00 0.0000000000000000e+00 9.9583194949569720e-01
1.0818030050083471e+00 0.0000000000000000e+00 1.0055975379856010e+00
1.0918196994991654e+00 0.0000000000000000e+00 1.0153401750563504e+00
1.1018363939899833e+00 0.0000000000000000e+00 1.0250828121271001e+00
1.1118530884808013e+00 0.0000000000000000e+00 1.0348254491978497e+00
1.1218697829716193e+00 0.0000000000000000e+00 1.0445680862685995e+00
1.1318864774624373e+00 0.0000000000000000e+00 1.0543107233393489e+00
1.1419031719532553e+00 0.0000000000000000e+00 1.0640416159137296e+00
1.1519198664440735e+00 0.0000000000000000e+00 1.0737224398456959e+00
1.1619365609348915e+00 0.0000000000000000e+00 1.0834032637776625e+00
1.1719532554257095e+00 0.0000000000000000e+00 1.0930840877096297e+00
1.1819699499165275e+00 0.0000000000000000e+00 1.1027649116415963e+00
1.1919866444073455e+00 0.0000000000000000e+00 1.1124457355735626e+00
1.2020033388981637e+00 0.0000000000000000e+00 1.1221064047464051e+00
1.2120200333889817e+00 0.0000000000000000e+00 1.1316864548827481e+00
1.2220367278797997e+00 0.0000000000000000e+00 1.1412665050190933e+00
1.2320534223706177e+00 0.0000000000000000e+00 1.1508465551554361e+00
1.2420701168614356e+00 0.0000000000000000e+00 1.1604266052917811e+00
1.2520868113522536e+00 0.0000000000000000e+00 1.1700066554281239e+00
1.2621035058430718e+00 0.0000000000000000e+00 1.1795562895314540e+00
1.2721202003338898e+00 0.0000000000000000e+00 1.1889915014153529e+00
1.2821368948247078e+00 0.0000000000000000e+00 1.1984267132992508e+00
1.2921535893155258e+00 0.0000000000000000e+00 1.2078619251831491e+00
1.3021702838063438e+00 0.0000000000000000e+00 1.2172971370670467e+00
1.3121869782971620e+00 0.0000000000000000e+00 1.2267323489509450e+00
1.3222036727879800e+00 0.0000000000000000e+00 1.2361249206645188e+00
1.3322203672787980e+00 0.0000000000000000e+00 1.2453663135923985e+00
1.3422370617696160e+00 0.0000000000000000e+00 1.2546077065202781e+00
1.3522537562604340e+00 0.0000000000000000e+00 1.2638490994481579e+00
1.3622704507512520e+00 0.0000000000000000e+00 1.2730904923760376e+00
1.3722871452420702e+00 0.0000000000000000e+00 1.2823318853039178e+00
1.3823038397328882e+00 0.0000000000000000e+00 1.2915163872788591e+00
1.3923205342237062e+00 0.0000000000000000e+00 1.3005104282374464e+00
1.4023372287145242e+00 0.0000000000000000e+00 1.3095044691960342e+00
1.4123539232053421e+00 0.0000000000000000e+00 1.3184985101546216e+00
1.4223706176961604e+00 0.0000000000000000e+00 1.3274925511132096e+00
1.4323873121869783e+00 0.0000000000000000e+00 1.3364865920717981e+00
1.4424040066777963e+00 0.0000000000000000e+00 1.3454074582357163e+00
1.4524207011686143e+00 0.0000000000000000e+00 1.3540966042165250e+00
1.4624373956594323e+00 0.0000000000000000e+00 1.3627857501973326e+00
1.4724540901502503e+00 0.0000000000000000e+00 1.3714748961781413e+00
1.4824707846410685e+00 0.0000000000000000e+00 1.3801640421589489e+00
1.4924874791318865e+00 0.0000000000000000e+00 1.3888531881397570e+00
1.5025041736227045e+00 0.0000000000000000e+00 1.3974509101940182e+00
1.5125208681135225e+00 0.0000000000000000e+00 1.4057743604686463e+00
1.5225375626043405e+00 0.0000000000000000e+00 1.4140978107432740e+00
1.5325542570951585e+00 0.0000000000000000e+00 1.4224212610179015e+00
1.5425709515859767e+00 0.0000000000000000e+00 1.4307447112925289e+00
1.5525876460767947e+00 0.0000000000000000e+00 1.4390681615671568e+00
1.5626043405676127e+00 0.0000000000000000e+00 1.4472801289741288e+00
1.5726210350584306e+00 0.0000000000000000e+00 1.4551747989885475e+00
1.5826377295492486e+00 0.0000000000000000e+00 1.4630694690029666e+00
1.5926544240400669e+00 0.0000000000000000e+00 1.4709641390173853e+00
1.6026711185308848e+00 0.0000000000000000e+00 1.4788588090318047e+00
1.6126878130217028e+00 0.0000000000000000e+00 1.4867534790462240e+00
1.6227045075125208e+00 0.0000000000000000e+00 1.4945150450363556e+00
1.6327212020033388e+00 0.0000000000000000e+00 1.5019167371830533e+00
1.6427378964941568e+00 0.0000000000000000e+00 1.5093184293297506e+00
1.6527545909849750e+00 0.0000000000000000e+00 1.5167201214764485e+00
1.6627712854757930e+00 0.0000000000000000e+00 1.5241218136231478e+00
1.6727879799666110e+00 0.0000000000000000e+00 1.5315235057698446e+00
1.6828046744574290e+00 0.0000000000000000e+00 1.5387692539977174e+00
1.6928213689482470e+00 0.0000000000000000e+00 1.5456140035771910e+00
1.7028380634390652e+00 0.0000000000000000e+00 1.5524587531566658e+00
1.7128547579298832e+00 0.0000000000000000e+00 1.5593035027361404e+00
1.7228714524207012e+00 0.0000000000000000e+00 1.5661482523156138e+00
1.7328881469115192e+00 0.0000000000000000e+00 1.5729930018950884e+00
1.7429048414023371e+00 0.0000000000000000e+00 1.5796581967597023e+00
1.7529215358931551e+00 0.0000000000000000e+00 1.5858837921500122e+00
1.7629382303839733e+00 0.0000000000000000e+00 1.5921093875403236e+00
1.7729549248747913e+00 0.0000000000000000e+00 1.5983349829306333e+00
1.7829716193656093e+00 0.0000000000000000e+00 1.6045605783209442e+00
1.7929883138564273e+00 0.0000000000000000e+00 1.6107861737112550e+00
1.8030050083472453e+00 0.0000000000000000e+00 1.6168083723618016e+00
1.8130217028380635e+00 0.0000000000000000e+00 1.6223559786195800e+00
1.8230383973288815e+00 0.0000000000000000e+00 1.6279035848773575e+00
1.8330550918196995e+00 0.0000000000000000e+00 1.6334511911351357e+00
1.8430717863105175e+00 0.0000000000000000e+00 1.6389987973929141e+00
1.8530884808013355e+00 0.0000000000000000e+00 1.6445464036506916e+00
1.8631051752921535e+00 0.0000000000000000e+00 1.6498671459268113e+00
1.8731218697829717e+00 0.0000000000000000e+00 1.6546829328889285e+00
1.8831385642737897e+00 0.0000000000000000e+00 1.6594987198510449e+00
1.8931552587646077e+00 0.0000000000000000e+00 1.6643145068131620e+00
1.9031719532554257e+00 0.0000000000000000e+00 1.6691302937752781e+00
1.9131886477462436e+00 0.0000000000000000e+00 1.6739460807373954e+00
1.9232053422370616e+00 0.0000000000000000e+00 1.6785125828774574e+00
1.9332220367278798e+00 0.0000000000000000e+00 1.6825493547706671e+00
1.9432387312186978e+00 0.0000000000000000e+00 1.6865861266638751e+00
1.9532554257095158e+00 0.0000000000000000e+00 1.6906228985570846e+00
1.9632721202003338e+00 0.0000000000000000e+00 1.6946596704502928e+00
1.9732888146911518e+00 0.0000000000000000e+00 1.6986964423435016e+00
1.9833055091819700e+00 0.0000000000000000e+00 1.7024632605161285e+00
1.9933222036727880e+00 0.0000000000000000e+00 1.7056819908318295e+00
2.0033388981636060e+00 0.0000000000000000e+00 1.7089007211475300e+00
2.0133555926544240e+00 0.0000000000000000e+00 1.7121194514632319e+00
2.0233722871452420e+00 0.0000000000000000e+00 1.7153381817789328e+00
2.0333889816360600e+00 0.0000000000000000e+00 1.7185569120946345e+00
2.0434056761268780e+00 0.0000000000000000e+00 1.7214874496041375e+00
2.0534223706176959e+00 0.0000000000000000e+00 1.7238585540192695e+00
2.0634390651085144e+00 0.0000000000000000e+00 1.7262296584344012e+00
2.0734557595993324e+00 0.0000000000000000e+00 1.7286007628495330e+00
2.0834724540901504e+00 0.0000000000000000e+00 1.7309718672646652e+00
2.0934891485809684e+00 0.0000000000000000e+00 1.7333429716797970e+00
2.1035058430717863e+00 0.0000000000000000e+00 1.7354107189247407e+00
2.1135225375626043e+00 0.0000000000000000e+00 1.7369150885679192e+00
2.1235392320534223e+00 0.0000000000000000e+00 1.7384194582110977e+00
2.1335559265442403e+00 0.0000000000000000e+00 1.7399238278542764e+00
2.1435726210350583e+00 0.0000000000000000e+00 1.7414281974974553e+00
2.1535893155258763e+00 0.0000000000000000e+00 1.7429325671406337e+00
2.1636060100166943e+00 0.0000000000000000e+00 1.7441220851383197e+00
2.1736227045075123e+00 0.0000000000000000e+00 1.7447518668773647e+00
2.1836393989983307e+00 0.0000000000000000e+00 1.7453816486164095e+00
2.1936560934891487e+00 0.0000000000000000e+00 1.7460114303554548e+00
2.2036727879799667e+00 0.0000000000000000e+00 1.7466412120944999e+00
2.2136894824707847e+00 0.0000000000000000e+00 1.7472709938335449e+00
2.2237061769616027e+00 0.0000000000000000e+00 1.7475785470219227e+00
2.2337228714524207e+00 0.0000000000000000e+00 1.7473374407862030e+00
2.2437395659432386e+00 0.0000000000000000e+00 1.7470963345504835e+00
2.2537562604340566e+00 0.0000000000000000e+00 1.7468552283147636e+00
2.2637729549248746e+00 0.0000000000000000e+00 1.7466141220790443e+00
2.2737896494156926e+00 0.0000000000000000e+00 1.7463730158433248e+00
2.2838063439065106e+00 0.0000000000000000e+00 1.7458067320395008e+00
2.2938230383973290e+00 0.0000000000000000e+00 1.7447098953614120e+00
2.3038397328881470e+00 0.0000000000000000e+00 1.7436130586833234e+00
2.3138564273789650e+00 0.0000000000000000e+00 1.7425162220052353e+00
2.3238731218697830e+00 0.0000000000000000e+00 1.7414193853271465e+00
2.3338898163606010e+00 0.0000000000000000e+00 1.7403225486490581e+00
2.3439065108514190e+00 0.0000000000000000e+00 1.7389022006910182e+00
2.3539232053422370e+00 0.0000000000000000e+00 1.7369758479105022e+00
2.3639398998330550e+00 0.0000000000000000e+00 1.7350494951299866e+00
2.3739565943238730e+00 0.0000000000000000e+00 1.7331231423494708e+00
2.3839732888146909e+00 0.0000000000000000e+00 1.7311967895689548e+00
2.3939899833055089e+00 0.0000000000000000e+00 1.7292704367884391e+00
2.4040066777963274e+00 0.0000000000000000e+00 1.7270268510685860e+00
2.4140233722871454e+00 0.0000000000000000e+00 1.7243074159397405e+00
2.4240400667779634e+00 0.0000000000000000e+00 1.7215879808108936e+00
2.4340567612687813e+00 0.0000000000000000e+00 1.7188685456820472e+00
2.4440734557595993e+00 0.0000000000000000e+00 1.7161491105532003e+00
2.4540901502504173e+00 0.0000000000000000e+00 1.7134296754243543e+00
2.4641068447412353e+00 0.0000000000000000e+00 1.7104037606333682e+00
2.4741235392320533e+00 0.0000000000000000e+00 1.7069368141334580e+00
2.4841402337228713e+00 0.0000000000000000e+00 1.7034698676335480e+00
2.4941569282136893e+00 0.0000000000000000e+00 1.7000029211336383e+00
2.5041736227045073e+00 0.0000000000000000e+00 1.6965359746337287e+00
2.5141903171953257e+00 0.0000000000000000e+00 1.6930690281338188e+00
2.5242070116861437e+00 0.0000000000000000e+00 1.6893105064203466e+00
2.5342237061769617e+00 0.0000000000000000e+00 1.6851493332214906e+00
2.5442404006677797e+00 0.0000000000000000e+00 1.6809881600226337e+00
2.5542570951585977e+00 0.0000000000000000e+00 1.6768269868237780e+00
2.5642737896494157e+00 0.0000000000000000e+00 1.6726658136249211e+00
2.5742904841402336e+00 0.0000000000000000e+00 1.6685046404260651e+00
2.5843071786310516e+00 0.0000000000000000e+00 1.6640705182844768e+00
2.5943238731218696e+00 0.0000000000000000e+00 1.6592745801025324e+00
2.6043405676126876e+00 0.0000000000000000e+00 1.6544786419205870e+00
2.6143572621035056e+00 0.0000000000000000e+00 1.6496827037386426e+00
2.6243739565943240e+00 0.0000000000000000e+00 1.6448867655566961e+00
2.6343906510851420e+00 0.0000000000000000e+00 1.6400908273747519e+00
2.6444073455759600e+00 0.0000000000000000e+00 1.6350437701981435e+00
2.6544240400667780e+00 0.0000000000000000e+00 1.6296771070283353e+00
2.6644407345575960e+00 0.0000000000000000e+00 1.6243104438585279e+00
2.6744574290484140e+00 0.0000000000000000e+00 1.6189437806887206e+00
2.6844741235392320e+00 0.0000000000000000e+00 1.6135771175189120e+00
2.6944908180300500e+00 0.0000000000000000e+00 1.6082104543491038e+00
2.7045075125208680e+00 0.0000000000000000e+00 1.6026170951006442e+00
2.7145242070116860e+00 0.0000000000000000e+00 1.5967466628671725e+00
2.7245409015025039e+00 0.0000000000000000e+00 1.5908762306336985e+00
2.7345575959933224e+00 0.0000000000000000e+00 1.5850057984002259e+00
2.7445742904841404e+00 0.0000000000000000e+00 1.5791353661667538e+00
2.7545909849749584e+00 0.0000000000000000e+00 1.5732649339332812e+00
2.7646076794657763e+00 0.0000000000000000e+00 1.5671941794261723e+00
2.7746243739565943e+00 0.0000000000000000e+00 1.5608882639891470e+00
2.7846410684474123e+00 0.0000000000000000e+00 1.5545823485521224e+00
2.7946577629382303e+00 0.0000000000000000e+00 1.5482764331150971e+00
2.8046744574290483e+00 0.0000000000000000e+00 1.5419705176780725e+00
2.8146911519198663e+00 0.0000000000000000e+00 1.5356646022410463e+00
2.8247078464106843e+00 0.0000000000000000e+00 1.5291860528989583e+00
2.8347245409015023e+00 0.0000000000000000e+00 1.5225128312809511e+00
2.8447412353923207e+00 0.0000000000000000e+00 1.5158396096629450e+00
2.8547579298831387e+00 0.0000000000000000e+00 1.5091663880449377e+00
2.8647746243739567e+00 0.0000000000000000e+00 1.5024931664269308e+00
2.8747913188647747e+00 0.0000000000000000e+00 1.4958199448089251e+00
2.8848080133555927e+00 0.0000000000000000e+00 1.4890024640028801e+00
2.8948247078464107e+00 0.0000000000000000e+00 1.4820287024097962e+00
2.9048414023372287e+00 0.0000000000000000e+00 1.4750549408167126e+00
2.9148580968280466e+00 0.0000000000000000e+00 1.4680811792236281e+00
2.9248747913188646e+00 0.0000000000000000e+00 1.4611074176305454e+00
2.9348914858096826e+00 0.0000000000000000e+00 1.4541336560374616e+00
2.9449081803005006e+00 0.0000000000000000e+00 1.4470441111497987e+00
2.9549248747913190e+00 0.0000000000000000e+00 1.4398340571188026e+00
2.9649415692821370e+00 0.0000000000000000e+00 1.4326240030878059e+00
2.9749582637729550e+00 0.0000000000000000e+00 1.4254139490568096e+00
2.9849749582637730e+00 0.0000000000000000e+00 1.4182038950258127e+00
2.9949916527545910e+00 0.0000000000000000e+00 1.4109938409948164e+00
3.0050083472454090e+00 0.0000000000000000e+00 1.4036960638252349e+00
3.0150250417362270e+00 0.0000000000000000e+00 1.3963105635170707e+00
3.0250417362270450e+00 0.0000000000000000e+00 1.3889250632089063e+00
3.0350584307178630e+00 0.0000000000000000e+00 1.3815395629007439e+00
3.0450751252086810e+00 0.0000000000000000e+00 1.3741540625925797e+00
3.0550918196994989e+00 0.0000000000000000e+00 1.3667685622844170e+00
3.0651085141903169e+00 0.0000000000000000e+00 1.3593225341964541e+00
3.0751252086811354e+00 0.0000000000000000e+00 1.3518183519671181e+00
3.0851419031719534e+00 0.0000000000000000e+00 1.3443141697377834e+00
3.0951585976627713e+00 0.0000000000000000e+00 1.3368099875084485e+00
3.1051752921535893e+00 0.0000000000000000e+00 1.3293058052791125e+00
3.1151919866444073e+00 0.0000000000000000e+00 1.3218016230497751e+00
3.1252086811352253e+00 0.0000000000000000e+00 1.3142628687154263e+00
3.1352253756260433e+00 0.0000000000000000e+00 1.3066922016687577e+00
3.1452420701168613e+00 0.0000000000000000e+00 1.2991215346220875e+00
3.1552587646076793e+00 0.0000000000000000e+00 1.2915508675754175e+00
3.1652754590984973e+00 0.0000000000000000e+00 1.2839802005287491e+00
3.1752921535893153e+00 0.0000000000000000e+00 1.2764095334820802e+00
3.1853088480801337e+00 0.0000000000000000e+00 1.2688287182411357e+00
3.1953255425709517e+00 0.0000000000000000e+00 1.2612389036580982e+00
3.2053422370617697e+00 0.0000000000000000e+00 1.2536490890750622e+00
3.2153589315525877e+00 0.0000000000000000e+00 1.2460592744920236e+00
3.2253756260434057e+00 0.0000000000000000e+00 1.2384694599089878e+00
3.2353923205342237e+00 0.0000000000000000e+00 1.2308796453259505e+00
3.2454090150250416e+00 0.0000000000000000e+00 1.2233023610854430e+00
3.2554257095158596e+00 0.0000000000000000e+00 1.2157357508404205e+00
3.2654424040066776e+00 0.0000000000000000e+00 1.2081691405953994e+00
3.2754590984974956e+00 0.0000000000000000e+00 1.2006025303503771e+00
3.2854757929883136e+00 0.0000000000000000e+00 1.1930359201053562e+00
3.2954924874791320e+00 0.0000000000000000e+00 1.1854693098603337e+00
3.3055091819699500e+00 0.0000000000000000e+00 1.1779360150385918e+00
3.3155258764607680e+00 0.0000000000000000e+00 1.1704299782904382e+00
3.3255425709515860e+00 0.0000000000000000e+00 1.1629239415422858e+00
3.3355592654424040e+00 0.0000000000000000e+00 1.1554179047941344e+00
3.3455759599332220e+00 0.0000000000000000e+00 1.1479118680459832e+00
3.3555926544240400e+00 0.0000000000000000e+00 1.1404058312978311e+00
3.3656093489148580e+00 0.0000000000000000e+00 1.1329519189147341e+00
3.3756260434056760e+00 0.0000000000000000e+00 1.1255389613898947e+00
3.3856427378964939e+00 0.0000000000000000e+00 1.1181260038650556e+00
3.3956594323873119e+00 0.0000000000000000e+00 1.1107130463402157e+00
3.4056761268781304e+00 0.0000000000000000e+00 1.1033000888153743e+00
3.4156928213689484e+00 0.0000000000000000e+00 1.0958871312905352e+00
3.4257095158597664e+00 0.0000000000000000e+00 1.0885431067906663e+00
3.4357262103505843e+00 0.0000000000000000e+00 1.0812510843973548e+00
3.4457429048414023e+00 0.0000000000000000e+00 1.0739590620040422e+00
3.4557595993322203e+00 0.0000000000000000e+00 1.0666670396107307e+00
3.4657762938230383e+00 0.0000000000000000e+00 1.0593750172174179e+00
3.4757929883138563e+00 0.0000000000000000e+00 1.0520829948241066e+00
3.4858096828046743e+00 0.0000000000000000e+00 1.0448747308489015e+00
3.4958263772954923e+00 0.0000000000000000e+00 1.0377271195212912e+00
3.5058430717863103e+00 0.0000000000000000e+00 1.0305795081936782e+00
3.5158597662771287e+00 0.0000000000000000e+00 1.0234318968660681e+00
3.5258764607679467e+00 0.0000000000000000e+00 1.0162842855384566e+00
3.5358931552587647e+00 0.0000000000000000e+00 1.0091366742108452e+00
3.5459098497495827e+00 0.0000000000000000e+00 1.0020857178598468e+00
3.5559265442404007e+00 0.0000000000000000e+00 9.9510192852649160e-01
3.5659432387312187e+00 0.0000000000000000e+00 9.8811813919313551e-01
3.5759599332220366e+00 0.0000000000000000e+00 9.8113434985977943e-01
3.5859766277128546e+00 0.0000000000000000e+00 9.7415056052642457e-01
3.5959933222036726e+00 0.0000000000000000e+00 9.6716677119306960e-01
3.6060100166944906e+00 0.0000000000000000e+00 9.6029069078635232e-01
3.6160267111853086e+00 0.0000000000000000e+00 9.5348641633072717e-01
3.6260434056761270e+00 0.0000000000000000e+00 9.4668214187510336e-01
3.6360601001669450e+00 0.0000000000000000e+00 9.3987786741947821e-01
3.6460767946577630e+00 0.0000000000000000e+00 9.3307359296385439e-01
3.6560934891485810e+00 0.0000000000000000e+00 9.2626931850822936e-01
3.6661101836393990e+00 0.0000000000000000e+00 9.1958206857970259e-01
3.6761268781302170e+00 0.0000000000000000e+00 9.1296963761111982e-01
3.6861435726210350e+00 0.0000000000000000e+00 9.0635720664253816e-01
3.6961602671118530e+00 0.0000000000000000e+00 8.9974477567395528e-01
3.7061769616026710e+00 0.0000000000000000e+00 8.9313234470537251e-01
3.7161936560934890e+00 0.0000000000000000e+00 8.8651991373678984e-01
3.7262103505843069e+00 0.0000000000000000e+00 8.8003220247818481e-01
3.7362270450751254e+00 0.0000000000000000e+00 8.7362093233214289e-01
3.7462437395659434e+00 0.0000000000000000e+00 8.6720966218610096e-01
3.7562604340567614e+00 0.0000000000000000e+00 8.6079839204006037e-01
3.7662771285475793e+00 0.0000000000000000e+00 8.5438712189401955e-01
3.7762938230383973e+00 0.0000000000000000e+00 8.4797585174797774e-01
3.7863105175292153e+00 0.0000000000000000e+00 8.4169550460530429e-01
3.7963272120200333e+00 0.0000000000000000e+00 8.3549204875032268e-01
3.8063439065108513e+00 0.0000000000000000e+00 8.2928859289533985e-01
3.8163606010016693e+00 0.0000000000000000e+00 8.2308513704035724e-01
3.8263772954924873e+00 0.0000000000000000e+00 8.1688168118537452e-01
3.8363939899833053e+00 0.0000000000000000e+00 8.1067822533039269e-01
3.8464106844741233e+00 0.0000000000000000e+00 8.0461053554102013e-01
3.8564273789649417e+00 0.0000000000000000e+00 7.9861921416354964e-01
3.8664440734557597e+00 0.0000000000000000e+00 7.9262789278607915e-01
3.8764607679465777e+00 0.0000000000000000e+00 7.8663657140860965e-01
3.8864774624373957e+00 0.0000000000000000e+00 7.8064525003113894e-01
3.8964941569282137e+00 0.0000000000000000e+00 7.7465392865366967e-01
3.9065108514190316e+00 0.0000000000000000e+00 7.6880198648019571e-01
3.9165275459098496e+00 0.0000000000000000e+00 7.6302509464733581e-01
3.9265442404006676e+00 0.0000000000000000e+00 7.5724820281447514e-01
3.9365609348914856e+00 0.0000000000000000e+00 7.5147131098161513e-01
3.9465776293823036e+00 0.0000000000000000e+00 7.4569441914875434e-01
3.9565943238731216e+00 0.0000000000000000e+00 7.3991752731589444e-01
3.9666110183639400e+00 0.0000000000000000e+00 7.3428252634339342e-01
3.9766277128547580e+00 0.0000000000000000e+00 7.2872062066259191e-01
3.9866444073455760e+00 0.0000000000000000e+00 7.2315871498178941e-01
3.9966611018363940e+00 0.0000000000000000e+00 7.1759680930098579e-01
4.0066777963272120e+00 0.0000000000000000e+00 7.1203490362018418e-01
4.0166944908180300e+00 0.0000000000000000e+00 7.0647299793938256e-01
4.0267111853088480e+00 0.0000000000000000e+00 7.0105451761611737e-01
4.0367278797996660e+00 0.0000000000000000e+00 6.9570667963312938e-01
4.0467445742904840e+00 0.0000000000000000e+00 6.9035884165014250e-01
4.0567612687813019e+00 0.0000000000000000e+00 6.8501100366715550e-01
4.0667779632721199e+00 0.0000000000000000e+00 6.7966316568416774e-01
4.0767946577629379e+00 0.0000000000000000e+00 6.7431532770117986e-01
4.0868113522537559e+00 0.0000000000000000e+00 6.6911158822858874e-01
4.0968280467445739e+00 0.0000000000000000e+00 6.6397565981971107e-01
4.1068447412353919e+00 0.0000000000000000e+00 6.5883973141083163e-01
4.1168614357262099e+00 0.0000000000000000e+00 6.5370380300195319e-01
4.1268781302170288e+00 0.0000000000000000e+00 6.4856787459307474e-01
4.1368948247078468e+00 0.0000000000000000e+00 6.4343194618419697e-01
4.1469115191986647e+00 0.0000000000000000e+00 6.3844003677083705e-01
4.1569282136894827e+00 0.0000000000000000e+00 6.3351283154386617e-01
4.1669449081803007e+00 0.0000000000000000e+00 6.2858562631689541e-01
4.1769616026711187e+00 0.0000000000000000e+00 6.2365842108992553e-01
4.1869782971619367e+00 0.0000000000000000e+00 6.1873121586295554e-01
4.1969949916527547e+00 0.0000000000000000e+00 6.1380401063598378e-01
4.2070116861435727e+00 0.0000000000000000e+00 6.0902009410877822e-01
4.2170283806343907e+00 0.0000000000000000e+00 6.0429758702432801e-01
4.2270450751252087e+00 0.0000000000000000e+00 5.9957507993987780e-01
4.2370617696160267e+00 0.0000000000000000e+00 5.9485257285542659e-01
4.2470784641068446e+00 0.0000000000000000e+00 5.9013006577097549e-01
4.2570951585976626e+00 0.0000000000000000e+00 5.8540755868652528e-01
4.2671118530884806e+00 0.0000000000000000e+00 5.8082705102637544e-01
4.2771285475792986e+00 0.0000000000000000e+00 5.7630454313107782e-01
4.2871452420701166e+00 0.0000000000000000e+00 5.7178203523578031e-01
4.2971619365609346e+00 0.0000000000000000e+00 5.6725952734048279e-01
4.3071786310517526e+00 0.0000000000000000e+00 5.6273701944518628e-01
4.3171953255425706e+00 0.0000000000000000e+00 5.5821451154988866e-01
4.3272120200333886e+00 0.0000000000000000e+00 5.5383223823208083e-01
4.3372287145242066e+00 0.0000000000000000e+00 5.4950450058329570e-01
4.3472454090150245e+00 0.0000000000000000e+00 5.4517676293451045e-01
4.3572621035058434e+00 0.0000000000000000e+00 5.4084902528572443e-01
4.3672787979966614e+00 0.0000000000000000e+00 5.3652128763693852e-01
4.3772954924874794e+00 0.0000000000000000e+00 5.3219354998815260e-01
4.3873121869782974e+00 0.0000000000000000e+00 5.2800388295494383e-01
4.3973288814691154e+00 0.0000000000000000e+00 5.2386528313571290e-01
4.4073455759599334e+00 0.0000000000000000e+00 5.1972668331648175e-01
4.4173622704507514e+00 0.0000000000000000e+00 5.1558808349725072e-01
4.4273789649415694e+00 0.0000000000000000e+00 5.1144948367802034e-01
4.4373956594323873e+00 0.0000000000000000e+00 5.0731088385879008e-01
4.4474123539232053e+00 0.0000000000000000e+00 5.0330785919846921e-01
4.4574290484140233e+00 0.0000000000000000e+00 4.9935246905343933e-01
4.4674457429048413e+00 0.0000000000000000e+00 4.9539707890841012e-01
4.4774624373956593e+00 0.0000000000000000e+00 4.9144168876338112e-01
4.4874791318864773e+00 0.0000000000000000e+00 4.8748629861835130e-01
4.4974958263772953e+00 0.0000000000000000e+00 4.8353090847332081e-01
4.5075125208681133e+00 0.0000000000000000e+00 4.7970832641859096e-01
4.5175292153589313e+00 0.0000000000000000e+00 4.7593001372729266e-01
4.5275459098497493e+00 0.0000000000000000e+00 4.7215170103599380e-01
4.5375626043405672e+00 0.0000000000000000e+00 4.6837338834469489e-01
4.5475792988313852e+00 0.0000000000000000e+00 4.6459507565339658e-01
4.5575959933222032e+00 0.0000000000000000e+00 4.6081676296209828e-01
4.5676126878130212e+00 0.0000000000000000e+00 4.5716827342885724e-01
4.5776293823038401e+00 0.0000000000000000e+00 4.5356078068236977e-01
4.5876460767946581e+00 0.0000000000000000e+00 4.4995328793588185e-01
4.5976627712854761e+00 0.0000000000000000e+00 4.4634579518939504e-01
4.6076794657762941e+00 0.0000000000000000e+00 4.4273830244290824e-01
4.6176961602671120e+00 0.0000000000000000e+00 4.3913080969642088e-01
4.6277128547579300e+00 0.0000000000000000e+00 4.3564998458631926e-01
4.6377295492487480e+00 0.0000000000000000e+00 4.3220699526370859e-01
4.6477462437395660e+00 0.0000000000000000e+00 4.2876400594109787e-01
4.6577629382303840e+00 0.0000000000000000e+00 4.2532101661848659e-01
4.6677796327212020e+00 0.0000000000000000e+00 4.2187802729587537e-01
4.6777963272120200e+00 0.0000000000000000e+00 4.1843503797326470e-01
4.6878130217028380e+00 0.0000000000000000e+00 4.1511543091426273e-01
4.6978297161936560e+00 0.0000000000000000e+00 4.1183062398089149e-01
4.7078464106844740e+00 0.0000000000000000e+00 4.0854581704752085e-01
4.7178631051752919e+00 0.0000000000000000e+00 4.0526101011415067e-01
4.7278797996661099e+00 0.0000000000000000e+00 4.0197620318078053e-01
4.7378964941569279e+00 0.0000000000000000e+00 3.9869139624740985e-01
4.7479131886477459e+00 0.0000000000000000e+00 3.9552659217790337e-01
4.7579298831385639e+00 0.0000000000000000e+00 3.9239368760385357e-01
4.7679465776293819e+00 0.0000000000000000e+00 3.8926078302980371e-01
4.7779632721201999e+00 0.0000000000000000e+00 3.8612787845575353e-01
4.7879799666110179e+00 0.0000000000000000e+00 3.8299497388170273e-01
4.7979966611018368e+00 0.0000000000000000e+00 3.7986206930765232e-01
4.8080133555926547e+00 0.0000000000000000e+00 3.7684572573626257e-01
4.8180300500834727e+00 0.0000000000000000e+00 3.7385852241553647e-01
4.8280467445742907e+00 0.0000000000000000e+00 3.7087131909480986e-01
4.8380634390651087e+00 0.0000000000000000e+00 3.6788411577408336e-01
4.8480801335559267e+00 0.0000000000000000e+00 3.6489691245335731e-01
4.8580968280467447e+00 0.0000000000000000e+00 3.6190970913263121e-01
4.8681135225375627e+00 0.0000000000000000e+00 3.5903558887863146e-01
4.8781302170283807e+00 0.0000000000000000e+00 3.5618799428225778e-01
4.8881469115191987e+00 0.0000000000000000e+00 3.5334039968588410e-01
4.8981636060100167e+00 0.0000000000000000e+00 3.5049280508951097e-01
4.9081803005008346e+00 0.0000000000000000e+00 3.4764521049313729e-01
4.9181969949916526e+00 0.0000000000000000e+00 3.4479761589676367e-01
4.9282136894824706e+00 0.0000000000000000e+00 3.4205961307297933e-01
4.9382303839732886e+00 0.0000000000000000e+00 3.3934566697976204e-01
4.9482470784641066e+00 0.0000000000000000e+00 3.3663172088654431e-01
4.9582637729549246e+00 0.0000000000000000e+00 3.3391777479332663e-01
4.9682804674457426e+00 0.0000000000000000e+00 3.3120382870010934e-01
4.9782971619365606e+00 0.0000000000000000e+00 3.2848988260689210e-01
4.9883138564273786e+00 0.0000000000000000e+00 3.2588204365182682e-01
4.9983305509181966e+00 0.0000000000000000e+00 3.2329593748409335e-01
5.0083472454090145e+00 0.0000000000000000e+00 3.2070983131636038e-01
5.0183639398998334e+00 0.0000000000000000e+00 3.1812372514862708e-01
5.0283806343906514e+00 0.0000000000000000e+00 3.1553761898089405e-01
5.0383973288814694e+00 0.0000000000000000e+00 3.1295151281316064e-01
5.0484140233722874e+00 0.0000000000000000e+00 3.1046805206709310e-01
5.0584307178631054e+00 0.0000000000000000e+00 3.0800414282991379e-01
5.0684474123539234e+00 0.0000000000000000e+00 3.0554023359273436e-01
5.0784641068447414e+00 0.0000000000000000e+00 3.0307632435555454e-01
5.0884808013355594e+00 0.0000000000000000e+00 3.0061241511837433e-01
5.0984974958263773e+00 0.0000000000000000e+00 2.9814850588119490e-01
5.1085141903171953e+00 0.0000000000000000e+00 2.9578381683821692e-01
5.1185308848080133e+00 0.0000000000000000e+00 2.9343663724127306e-01
5.1285475792988313e+00 0.0000000000000000e+00 2.9108945764432909e-01
5.1385642737896493e+00 0.0000000000000000e+00 2.8874227804738561e-01
5.1485809682804673e+00 0.0000000000000000e+00 2.8639509845044214e-01
5.1585976627712853e+00 0.0000000000000000e+00 2.8404791885349823e-01
5.1686143572621033e+00 0.0000000000000000e+00 2.8179658256999429e-01
5.1786310517529213e+00 0.0000000000000000e+00 2.7956084868635206e-01
5.1886477462437393e+00 0.0000000000000000e+00 2.7732511480270955e-01
5.1986644407345572e+00 0.0000000000000000e+00 2.7508938091906704e-01
5.2086811352253752e+00 0.0000000000000000e+00 2.7285364703542442e-01
5.2186978297161932e+00 0.0000000000000000e+00 2.7061791315178213e-01
5.2287145242070112e+00 0.0000000000000000e+00 2.6847470345603325e-01
5.2387312186978292e+00 0.0000000000000000e+00 2.6634531921364657e-01
5.2487479131886481e+00 0.0000000000000000e+00 2.6421593497125978e-01
5.2587646076794661e+00 0.0000000000000000e+00 2.6208655072887288e-01
5.2687813021702841e+00 0.0000000000000000e+00 2.5995716648648648e-01
5.2787979966611021e+00 0.0000000000000000e+00 2.5782778224410008e-01
5.2888146911519200e+00 0.0000000000000000e+00 2.5578766825129018e-01
5.2988313856427380e+00 0.0000000000000000e+00 2.5375972747433129e-01
5.3088480801335560e+00 0.0000000000000000e+00 2.5173178669737267e-01
5.3188647746243740e+00 0.0000000000000000e+00 2.4970384592041414e-01
5.3288814691151920e+00 0.0000000000000000e+00 2.4767590514345525e-01
5.3388981636060100e+00 0.0000000000000000e+00 2.4564796436649633e-01
5.3489148580968280e+00 0.0000000000000000e+00 2.4370611134010461e-01
5.3589315525876460e+00 0.0000000000000000e+00 2.4177489837277089e-01
5.3689482470784640e+00 0.0000000000000000e+00 2.3984368540543693e-01
5.3789649415692820e+00 0.0000000000000000e+00 2.3791247243810254e-01
5.3889816360600999e+00 0.0000000000000000e+00 2.3598125947076881e-01
5.3989983305509179e+00 0.0000000000000000e+00 2.3405004650343514e-01
5.4090150250417359e+00 0.0000000000000000e+00 2.3220181518614738e-01
5.4190317195325539e+00 0.0000000000000000e+00 2.3036280405219736e-01
5.4290484140233719e+00 0.0000000000000000e+00 2.2852379291824759e-01
5.4390651085141899e+00 0.0000000000000000e+00 2.2668478178429782e-01
5.4490818030050079e+00 0.0000000000000000e+00 2.2484577065034783e-01
5.4590984974958259e+00 0.0000000000000000e+00 2.2300675951639778e-01
5.4691151919866448e+00 0.0000000000000000e+00 2.2124770373289332e-01
5.4791318864774627e+00 0.0000000000000000e+00 2.1949655562141018e-01
5.4891485809682807e+00 0.0000000000000000e+00 2.1774540750992741e-01
5.4991652754590987e+00 0.0000000000000000e+00 2.1599425939844435e-01
5.5091819699499167e+00 0.0000000000000000e+00 2.1424311128696122e-01
5.5191986644407347e+00 0.0000000000000000e+00 2.1249196317547844e-01
5.5292153589315527e+00 0.0000000000000000e+00 2.1081782651290357e-01
5.5392320534223707e+00 0.0000000000000000e+00 2.0915038649805889e-01
5.5492487479131887e+00 0.0000000000000000e+00 2.0748294648321419e-01
5.5592654424040067e+00 0.0000000000000000e+00 2.0581550646836980e-01
5.5692821368948247e+00 0.0000000000000000e+00 2.0414806645352540e-01
5.5792988313856426e+00 0.0000000000000000e+00 2.0248062643868042e-01
5.5893155258764606e+00 0.0000000000000000e+00 2.0088733844611634e-01
5.5993322203672786e+00 0.0000000000000000e+00 1.9929963178856225e-01
5.6093489148580966e+00 0.0000000000000000e+00 1.9771192513100813e-01
5.6193656093489146e+00 0.0000000000000000e+00 1.9612421847345379e-01
5.6293823038397326e+00 0.0000000000000000e+00 1.9453651181589940e-01
5.6393989983305506e+00 0.0000000000000000e+00 1.9294880515834534e-01
5.6494156928213686e+00 0.0000000000000000e+00 1.9143247644742070e-01
5.6594323873121866e+00 0.0000000000000000e+00 1.8992070377564180e-01
5.6694490818030046e+00 0.0000000000000000e+00 1.8840893110386289e-01
5.6794657762938225e+00 0.0000000000000000e+00 1.8689715843208402e-01
5.6894824707846414e+00 0.0000000000000000e+00 1.8538538576030508e-01
5.6994991652754594e+00 0.0000000000000000e+00 1.8387361308852646e-01
5.7095158597662774e+00 0.0000000000000000e+00 1.8243052996825151e-01
5.7195325542570954e+00 0.0000000000000000e+00 1.8099106208752891e-01
5.7295492487479134e+00 0.0000000000000000e+00 1.7955159420680647e-01
5.7395659432387314e+00 0.0000000000000000e+00 1.7811212632608409e-01
5.7495826377295494e+00 0.0000000000000000e+00 1.7667265844536145e-01
5.7595993322203674e+00 0.0000000000000000e+00 1.7523319056463882e-01
5.7696160267111853e+00 0.0000000000000000e+00 1.7385980973358101e-01
5.7796327212020033e+00 0.0000000000000000e+00 1.7248918252959175e-01
5.7896494156928213e+00 0.0000000000000000e+00 1.7111855532560252e-01
5.7996661101836393e+00 0.0000000000000000e+00 1.6974792812161324e-01
5.8096828046744573e+00 0.0000000000000000e+00 1.6837730091762421e-01
5.8196994991652753e+00 0.0000000000000000e+00 1.6700667371363526e-01
5.8297161936560933e+00 0.0000000000000000e+00 1.6569961634232222e-01
5.8397328881469113e+00 0.0000000000000000e+00 1.6439452504830790e-01
5.8497495826377293e+00 0.0000000000000000e+00 1.6308943375429386e-01
5.8597662771285473e+00 0.0000000000000000e+00 1.6178434246027984e-01
5.8697829716193652e+00 0.0000000000000000e+00 1.6047925116626530e-01
5.8797996661101832e+00 0.0000000000000000e+00 1.5917415987225103e-01
5.8898163606010012e+00 0.0000000000000000e+00 1.5793020547134715e-01
5.8998330550918192e+00 0.0000000000000000e+00 1.5668749876213897e-01
5.9098497495826381e+00 0.0000000000000000e+00 1.5544479205293049e-01
5.9198664440734561e+00 0.0000000000000000e+00 1.5420208534372207e-01
5.9298831385642741e+00 0.0000000000000000e+00 1.5295937863451367e-01
5.9398998330550921e+00 0.0000000000000000e+00 1.5171667192530541e-01
5.9499165275459100e+00 0.0000000000000000e+00 1.5053275247494333e-01
5.9599332220367280e+00 0.0000000000000000e+00 1.4934942683527594e-01
5.9699499165275460e+00 0.0000000000000000e+00 1.4816610119560839e-01
5.9799666110183640e+00 0.0000000000000000e+00 1.4698277555594122e-01
5.9899833055091820e+00 0.0000000000000000e+00 1.4579944991627405e-01
6.0000000000000000e+00 0.0000000000000000e+00 1.4461612427660669e-01
