0.0000000000000000e+00 0.0000000000000000e+00 5.5920407506557695e-17
1.0016694490818030e-02 0.0000000000000000e+00 7.1406127062661479e-06
2.0033388981636060e-02 0.0000000000000000e+00 1.4281225412476376e-05
3.0050083472454088e-02 0.0000000000000000e+00 2.1421838118686605e-05
4.0066777963272120e-02 0.0000000000000000e+00 2.8562450824897442e-05
5.0083472454090151e-02 0.0000000000000000e+00 3.5703063531107675e-05
6.0100166944908176e-02 0.0000000000000000e+00 4.2771886088457770e-05
7.0116861435726208e-02 0.0000000000000000e+00 4.2733483911464270e-05
8.0133555926544239e-02 0.0000000000000000e+00 4.2695081734470765e-05
9.0150250417362271e-02 0.0000000000000000e+00 4.2656679557477259e-05
1.0016694490818030e-01 0.0000000000000000e+00 4.2618277380483760e-05
1.1018363939899833e-01 0.0000000000000000e+00 4.2579875203490260e-05
1.2020033388981635e-01 0.0000000000000000e+00 4.2541483913819523e-05
1.3021702838063440e-01 0.0000000000000000e+00 4.2503626102963965e-05
1.4023372287145242e-01 0.0000000000000000e+00 4.2465768292108394e-05
1.5025041736227046e-01 0.0000000000000000e+00 4.2427910481252829e-05
1.6026711185308848e-01 0.0000000000000000e+00 4.2390052670397272e-05
1.7028380634390650e-01 0.0000000000000000e+00 4.2352194859541707e-05
1.8030050083472454e-01 0.0000000000000000e+00 4.2314353393683832e-05
1.9031719532554256e-01 0.0000000000000000e+00 4.2277040416084740e-05
2.0033388981636061e-01 0.0000000000000000e+00 4.2239727438485635e-05
2.1035058430717862e-01 0.0000000000000000e+00 4.2202414460886537e-05
2.2036727879799667e-01 0.0000000000000000e+00 4.2165101483287438e-05
2.3038397328881469e-01 0.0000000000000000e+00 4.2127788505688340e-05
2.4040066777963270e-01 0.0000000000000000e+00 4.2090497332125310e-05
2.5041736227045075e-01 0.0000000000000000e+00 4.2053729455428046e-05
2.6043405676126880e-01 0.0000000000000000e+00 4.2016961578730790e-05
2.7045075125208679e-01 0.0000000000000000e+00 4.1980193702033540e-05
2.8046744574290483e-01 0.0000000000000000e+00 4.1943425825336284e-05
2.9048414023372288e-01 0.0000000000000000e+00 4.1906657948639034e-05
3.0050083472454092e-01 0.0000000000000000e+00 4.1869917330389887e-05
3.1051752921535891e-01 0.0000000000000000e+00 4.1833694622654613e-05
3.2053422370617696e-01 0.0000000000000000e+00 4.1797471914919360e-05
3.3055091819699500e-01 0.0000000000000000e+00 4.1761249207184086e-05
3.4056761268781299e-01 0.0000000000000000e+00 4.1725026499448819e-05
3.5058430717863104e-01 0.0000000000000000e+00 4.1688803791713552e-05
3.6060100166944908e-01 0.0000000000000000e+00 4.1652613786224029e-05
3.7061769616026713e-01 0.0000000000000000e+00 4.1616936115917899e-05
3.8063439065108512e-01 0.0000000000000000e+00 4.1581258445611755e-05
3.9065108514190316e-01 0.0000000000000000e+00 4.1545580775305631e-05
4.0066777963272121e-01 0.0000000000000000e+00 4.1509903104999487e-05
4.1068447412353920e-01 0.0000000000000000e+00 4.1474225434693356e-05
4.2070116861435725e-01 0.0000000000000000e+00 4.1438585893835135e-05
4.3071786310517529e-01 0.0000000000000000e+00 4.1403452929927948e-05
4.4073455759599334e-01 0.0000000000000000e+00 4.1368319966020755e-05
4.5075125208681133e-01 0.0000000000000000e+00 4.1333187002113575e-05
4.6076794657762937e-01 0.0000000000000000e+00 4.1298054038206381e-05
4.7078464106844742e-01 0.0000000000000000e+00 4.1262921074299201e-05
4.8080133555926541e-01 0.0000000000000000e+00 4.1227831644477937e-05
4.9081803005008345e-01 0.0000000000000000e+00 4.1193242856644852e-05
5.0083472454090150e-01 0.0000000000000000e+00 4.1158654068811788e-05
5.1085141903171949e-01 0.0000000000000000e+00 4.1124065280978703e-05
5.2086811352253759e-01 0.0000000000000000e+00 4.1089476493145626e-05
5.3088480801335558e-01 0.0000000000000000e+00 4.1054887705312548e-05
5.4090150250417357e-01 0.0000000000000000e+00 4.1020347827688069e-05
5.5091819699499167e-01 0.0000000000000000e+00 4.0986302486617219e-05
5.6093489148580966e-01 0.0000000000000000e+00 4.0952257145546383e-05
5.7095158597662765e-01 0.0000000000000000e+00 4.0918211804475533e-05
5.8096828046744575e-01 0.0000000000000000e+00 4.0884166463404683e-05
5.9098497495826374e-01 0.0000000000000000e+00 4.0850121122333832e-05
6.0100166944908184e-01 0.0000000000000000e+00 4.0816130033150802e-05
6.1101836393989983e-01 0.0000000000000000e+00 4.0782627210958148e-05
6.2103505843071782e-01 0.0000000000000000e+00 4.0749124388765488e-05
6.3105175292153592e-01 0.0000000000000000e+00 4.0715621566572814e-05
6.4106844741235391e-01 0.0000000000000000e+00 4.0682118744380154e-05
6.5108514190317190e-01 0.0000000000000000e+00 4.0648615922187508e-05
6.6110183639399001e-01 0.0000000000000000e+00 4.0615172653218873e-05
6.7111853088480800e-01 0.0000000000000000e+00 4.0582211223971967e-05
6.8113522537562599e-01 0.0000000000000000e+00 4.0549249794725067e-05
6.9115191986644409e-01 0.0000000000000000e+00 4.0516288365478160e-05
7.0116861435726208e-01 0.0000000000000000e+00 4.0483326936231267e-05
7.1118530884808018e-01 0.0000000000000000e+00 4.0450365506984366e-05
7.2120200333889817e-01 0.0000000000000000e+00 4.0417468886088725e-05
7.3121869782971616e-01 0.0000000000000000e+00 4.0385047526435607e-05
7.4123539232053426e-01 0.0000000000000000e+00 4.0352626166782510e-05
7.5125208681135225e-01 0.0000000000000000e+00 4.0320204807129406e-05
7.6126878130217024e-01 0.0000000000000000e+00 4.0287783447476302e-05
7.7128547579298834e-01 0.0000000000000000e+00 4.0255362087823199e-05
7.8130217028380633e-01 0.0000000000000000e+00 4.0223010739613399e-05
7.9131886477462432e-01 0.0000000000000000e+00 4.0191127929524161e-05
8.0133555926544242e-01 0.0000000000000000e+00 4.0159245119434935e-05
8.1135225375626041e-01 0.0000000000000000e+00 4.0127362309345703e-05
8.2136894824707840e-01 0.0000000000000000e+00 4.0095479499256464e-05
8.3138564273789650e-01 0.0000000000000000e+00 4.0063596689167232e-05
8.4140233722871449e-01 0.0000000000000000e+00 4.0031789035796346e-05
8.5141903171953259e-01 0.0000000000000000e+00 4.0000443059409571e-05
8.6143572621035058e-01 0.0000000000000000e+00 3.9969097083022790e-05
8.7145242070116857e-01 0.0000000000000000e+00 3.9937751106636015e-05
8.8146911519198667e-01 0.0000000000000000e+00 3.9906405130249234e-05
8.9148580968280466e-01 0.0000000000000000e+00 3.9875059153862459e-05
9.0150250417362265e-01 0.0000000000000000e+00 3.9843793415921048e-05
9.1151919866444076e-01 0.0000000000000000e+00 3.9812982362503353e-05
9.2153589315525875e-01 0.0000000000000000e+00 3.9782171309085657e-05
9.3155258764607674e-01 0.0000000000000000e+00 3.9751360255667968e-05
9.4156928213689484e-01 0.0000000000000000e+00 3.9720549202250286e-05
9.5158597662771283e-01 0.0000000000000000e+00 3.9689738148832591e-05
9.6160267111853082e-01 0.0000000000000000e+00 3.9659012346363543e-05
9.7161936560934892e-01 0.0000000000000000e+00 3.9628734111374873e-05
9.8163606010016691e-01 0.0000000000000000e+00 3.9598455876386204e-05
9.9165275459098501e-01 0.0000000000000000e+00 3.9568177641397541e-05
1.0016694490818030e+00 0.0000000000000000e+00 3.9537899406408878e-05
1.0116861435726210e+00 0.0000000000000000e+00 3.9507621171420209e-05
1.0217028380634390e+00 0.0000000000000000e+00 3.9477433125045834e-05
1.0317195325542572e+00 0.0000000000000000e+00 3.9447685411317719e-05
1.0417362270450752e+00 0.0000000000000000e+00 3.9417937697589605e-05
1.0517529215358932e+00 0.0000000000000000e+00 3.9388189983861491e-05
1.0617696160267112e+00 0.0000000000000000e+00 3.9358442270133370e-05
1.0717863105175292e+00 0.0000000000000000e+00 3.9328694556405249e-05
1.0818030050083471e+00 0.0000000000000000e+00 3.9299041888572070e-05
1.0918196994991654e+00 0.0000000000000000e+00 3.9269822207593587e-05
1.1018363939899833e+00 0.0000000000000000e+00 3.9240602526615105e-05
1.1118530884808013e+00 0.0000000000000000e+00 3.9211382845636623e-05
1.1218697829716193e+00 0.0000000000000000e+00 3.9182163164658141e-05
1.1318864774624373e+00 0.0000000000000000e+00 3.9152943483679652e-05
1.1419031719532553e+00 0.0000000000000000e+00 3.9123823620016512e-05
1.1519198664440735e+00 0.0000000000000000e+00 3.9095129293329282e-05
1.1619365609348915e+00 0.0000000000000000e+00 3.9066434966642065e-05
1.1719532554257095e+00 0.0000000000000000e+00 3.9037740639954835e-05
1.1819699499165275e+00 0.0000000000000000e+00 3.9009046313267619e-05
1.1919866444073455e+00 0.0000000000000000e+00 3.8980351986580395e-05
1.2020033388981637e+00 0.0000000000000000e+00 3.8951762157371679e-05
1.2120200333889817e+00 0.0000000000000000e+00 3.8923590318076966e-05
1.2220367278797997e+00 0.0000000000000000e+00 3.8895418478782253e-05
1.2320534223706177e+00 0.0000000000000000e+00 3.8867246639487532e-05
1.2420701168614356e+00 0.0000000000000000e+00 3.8839074800192819e-05
1.2520868113522536e+00 0.0000000000000000e+00 3.8810902960898113e-05
1.2621035058430718e+00 0.0000000000000000e+00 3.8782840202673023e-05
1.2721202003338898e+00 0.0000000000000000e+00 3.8755187797043220e-05
1.2821368948247078e+00 0.0000000000000000e+00 3.8727535391413410e-05
1.2921535893155258e+00 0.0000000000000000e+00 3.8699882985783608e-05
1.3021702838063438e+00 0.0000000000000000e+00 3.8672230580153798e-05
1.3121869782971620e+00 0.0000000000000000e+00 3.8644578174523989e-05
1.3222036727879800e+00 0.0000000000000000e+00 3.8617039331757787e-05
1.3322203672787980e+00 0.0000000000000000e+00 3.8589903120962542e-05
1.3422370617696160e+00 0.0000000000000000e+00 3.8562766910167297e-05
1.3522537562604340e+00 0.0000000000000000e+00 3.8535630699372051e-05
1.3622704507512520e+00 0.0000000000000000e+00 3.8508494488576813e-05
1.3722871452420702e+00 0.0000000000000000e+00 3.8481358277781567e-05
1.3823038397328882e+00 0.0000000000000000e+00 3.8454340004714238e-05
1.3923205342237062e+00 0.0000000000000000e+00 3.8427716566649085e-05
1.4023372287145242e+00 0.0000000000000000e+00 3.8401093128583919e-05
1.4123539232053421e+00 0.0000000000000000e+00 3.8374469690518760e-05
1.4223706176961604e+00 0.0000000000000000e+00 3.8347846252453601e-05
1.4323873121869783e+00 0.0000000000000000e+00 3.8321222814388448e-05
1.4424040066777963e+00 0.0000000000000000e+00 3.8294721576953058e-05
1.4524207011686143e+00 0.0000000000000000e+00 3.8268607308178580e-05
1.4624373956594323e+00 0.0000000000000000e+00 3.8242493039404108e-05
1.4724540901502503e+00 0.0000000000000000e+00 3.8216378770629629e-05
1.4824707846410685e+00 0.0000000000000000e+00 3.8190264501855157e-05
1.4924874791318865e+00 0.0000000000000000e+00 3.8164150233080692e-05
1.5025041736227045e+00 0.0000000000000000e+00 3.8138162310946909e-05
1.5125208681135225e+00 0.0000000000000000e+00 3.8112553428735196e-05
1.5225375626043405e+00 0.0000000000000000e+00 3.8086944546523476e-05
1.5325542570951585e+00 0.0000000000000000e+00 3.8061335664311755e-05
1.5425709515859767e+00 0.0000000000000000e+00 3.8035726782100042e-05
1.5525876460767947e+00 0.0000000000000000e+00 3.8010117899888329e-05
1.5626043405676127e+00 0.0000000000000000e+00 3.7984639388617959e-05
1.5726210350584306e+00 0.0000000000000000e+00 3.7959531933103719e-05
1.5826377295492486e+00 0.0000000000000000e+00 3.7934424477589464e-05
1.5926544240400669e+00 0.0000000000000000e+00 3.7909317022075223e-05
1.6026711185308848e+00 0.0000000000000000e+00 3.7884209566560969e-05
1.6126878130217028e+00 0.0000000000000000e+00 3.7859102111046721e-05
1.6227045075125208e+00 0.0000000000000000e+00 3.7834128924359067e-05
1.6327212020033388e+00 0.0000000000000000e+00 3.7809518760795134e-05
1.6427378964941568e+00 0.0000000000000000e+00 3.7784908597231201e-05
1.6527545909849750e+00 0.0000000000000000e+00 3.7760298433667275e-05
1.6627712854757930e+00 0.0000000000000000e+00 3.7735688270103343e-05
1.6727879799666110e+00 0.0000000000000000e+00 3.7711078106539410e-05
1.6828046744574290e+00 0.0000000000000000e+00 3.7686605978687163e-05
1.6928213689482470e+00 0.0000000000000000e+00 3.7662488799807839e-05
1.7028380634390652e+00 0.0000000000000000e+00 3.7638371620928503e-05
1.7128547579298832e+00 0.0000000000000000e+00 3.7614254442049166e-05
1.7228714524207012e+00 0.0000000000000000e+00 3.7590137263169836e-05
1.7328881469115192e+00 0.0000000000000000e+00 3.7566020084290506e-05
1.7429048414023371e+00 0.0000000000000000e+00 3.7542044572546365e-05
1.7529215358931551e+00 0.0000000000000000e+00 3.7518415901029764e-05
1.7629382303839733e+00 0.0000000000000000e+00 3.7494787229513162e-05
1.7729549248747913e+00 0.0000000000000000e+00 3.7471158557996567e-05
1.7829716193656093e+00 0.0000000000000000e+00 3.7447529886479966e-05
1.7929883138564273e+00 0.0000000000000000e+00 3.7423901214963364e-05
1.8030050083472453e+00 0.0000000000000000e+00 3.7400417702211742e-05
1.8130217028380635e+00 0.0000000000000000e+00 3.7377272893245027e-05
1.8230383973288815e+00 0.0000000000000000e+00 3.7354128084278327e-05
1.8330550918196995e+00 0.0000000000000000e+00 3.7330983275311613e-05
1.8430717863105175e+00 0.0000000000000000e+00 3.7307838466344905e-05
1.8530884808013355e+00 0.0000000000000000e+00 3.7284693657378204e-05
1.8631051752921535e+00 0.0000000000000000e+00 3.7261697354815448e-05
1.8731218697829717e+00 0.0000000000000000e+00 3.7239031598764729e-05
1.8831385642737897e+00 0.0000000000000000e+00 3.7216365842714010e-05
1.8931552587646077e+00 0.0000000000000000e+00 3.7193700086663271e-05
1.9031719532554257e+00 0.0000000000000000e+00 3.7171034330612552e-05
1.9131886477462436e+00 0.0000000000000000e+00 3.7148368574561832e-05
1.9232053422370616e+00 0.0000000000000000e+00 3.7125854524502171e-05
1.9332220367278798e+00 0.0000000000000000e+00 3.7103662849673499e-05
1.9432387312186978e+00 0.0000000000000000e+00 3.7081471174844813e-05
1.9532554257095158e+00 0.0000000000000000e+00 3.7059279500016141e-05
1.9632721202003338e+00 0.0000000000000000e+00 3.7037087825187469e-05
1.9732888146911518e+00 0.0000000000000000e+00 3.7014896150358796e-05
1.9833055091819700e+00 0.0000000000000000e+00 3.6992859229139919e-05
1.9933222036727880e+00 0.0000000000000000e+00 3.6971136504643989e-05
2.0033388981636060e+00 0.0000000000000000e+00 3.6949413780148046e-05
2.0133555926544240e+00 0.0000000000000000e+00 3.6927691055652109e-05
2.0233722871452420e+00 0.0000000000000000e+00 3.6905968331156172e-05
2.0333889816360600e+00 0.0000000000000000e+00 3.6884245606660228e-05
2.0434056761268780e+00 0.0000000000000000e+00 3.6862680527655197e-05
2.0534223706176959e+00 0.0000000000000000e+00 3.6841421466367796e-05
2.0634390651085144e+00 0.0000000000000000e+00 3.6820162405080395e-05
2.0734557595993324e+00 0.0000000000000000e+00 3.6798903343792986e-05
2.0834724540901504e+00 0.0000000000000000e+00 3.6777644282505585e-05
2.0934891485809684e+00 0.0000000000000000e+00 3.6756385221218184e-05
2.1035058430717863e+00 0.0000000000000000e+00 3.6735286537946256e-05
2.1135225375626043e+00 0.0000000000000000e+00 3.6714485699560230e-05
2.1235392320534223e+00 0.0000000000000000e+00 3.6693684861174203e-05
2.1335559265442403e+00 0.0000000000000000e+00 3.6672884022788163e-05
2.1435726210350583e+00 0.0000000000000000e+00 3.6652083184402130e-05
2.1535893155258763e+00 0.0000000000000000e+00 3.6631282346016110e-05
2.1636060100166943e+00 0.0000000000000000e+00 3.6610644455349874e-05
2.1736227045075123e+00 0.0000000000000000e+00 3.6590296249518820e-05
2.1836393989983307e+00 0.0000000000000000e+00 3.6569948043687766e-05
2.1936560934891487e+00 0.0000000000000000e+00 3.6549599837856718e-05
2.2036727879799667e+00 0.0000000000000000e+00 3.6529251632025670e-05
2.2136894824707847e+00 0.0000000000000000e+00 3.6508903426194623e-05
2.2237061769616027e+00 0.0000000000000000e+00 3.6488720571663861e-05
2.2337228714524207e+00 0.0000000000000000e+00 3.6468819261238999e-05
2.2437395659432386e+00 0.0000000000000000e+00 3.6448917950814137e-05
2.2537562604340566e+00 0.0000000000000000e+00 3.6429016640389268e-05
2.2637729549248746e+00 0.0000000000000000e+00 3.6409115329964406e-05
2.2737896494156926e+00 0.0000000000000000e+00 3.6389214019539538e-05
2.2838063439065106e+00 0.0000000000000000e+00 3.6369480294732171e-05
2.2938230383973290e+00 0.0000000000000000e+00 3.6350019999090162e-05
2.3038397328881470e+00 0.0000000000000000e+00 3.6330559703448159e-05
2.3138564273789650e+00 0.0000000000000000e+00 3.6311099407806150e-05
2.3238731218697830e+00 0.0000000000000000e+00 3.6291639112164140e-05
2.3338898163606010e+00 0.0000000000000000e+00 3.6272178816522131e-05
2.3439065108514190e+00 0.0000000000000000e+00 3.6252888168574024e-05
2.3539232053422370e+00 0.0000000000000000e+00 3.6233862867018955e-05
2.3639398998330550e+00 0.0000000000000000e+00 3.6214837565463880e-05
2.3739565943238730e+00 0.0000000000000000e+00 3.6195812263908811e-05
2.3839732888146909e+00 0.0000000000000000e+00 3.6176786962353743e-05
2.3939899833055089e+00 0.0000000000000000e+00 3.6157761660798681e-05
2.4040066777963274e+00 0.0000000000000000e+00 3.6138907893971921e-05
2.4140233722871454e+00 0.0000000000000000e+00 3.6120311429237643e-05
2.4240400667779634e+00 0.0000000000000000e+00 3.6101714964503365e-05
2.4340567612687813e+00 0.0000000000000000e+00 3.6083118499769086e-05
2.4440734557595993e+00 0.0000000000000000e+00 3.6064522035034801e-05
2.4540901502504173e+00 0.0000000000000000e+00 3.6045925570300522e-05
2.4641068447412353e+00 0.0000000000000000e+00 3.6027502349654380e-05
2.4741235392320533e+00 0.0000000000000000e+00 3.6009328431476555e-05
2.4841402337228713e+00 0.0000000000000000e+00 3.5991154513298716e-05
2.4941569282136893e+00 0.0000000000000000e+00 3.5972980595120878e-05
2.5041736227045073e+00 0.0000000000000000e+00 3.5954806676943039e-05
2.5141903171953257e+00 0.0000000000000000e+00 3.5936632758765214e-05
2.5242070116861437e+00 0.0000000000000000e+00 3.5918633613904593e-05
2.5342237061769617e+00 0.0000000000000000e+00 3.5900875822672529e-05
2.5442404006677797e+00 0.0000000000000000e+00 3.5883118031440458e-05
2.5542570951585977e+00 0.0000000000000000e+00 3.5865360240208401e-05
2.5642737896494157e+00 0.0000000000000000e+00 3.5847602448976330e-05
2.5742904841402336e+00 0.0000000000000000e+00 3.5829844657744273e-05
2.5843071786310516e+00 0.0000000000000000e+00 3.5812262986654381e-05
2.5943238731218696e+00 0.0000000000000000e+00 3.5794914777148314e-05
2.6043405676126876e+00 0.0000000000000000e+00 3.5777566567642255e-05
2.6143572621035056e+00 0.0000000000000000e+00 3.5760218358136189e-05
2.6243739565943240e+00 0.0000000000000000e+00 3.5742870148630116e-05
2.6343906510851420e+00 0.0000000000000000e+00 3.5725521939124043e-05
2.6444073455759600e+00 0.0000000000000000e+00 3.5708351012086900e-05
2.6544240400667780e+00 0.0000000000000000e+00 3.5691405717282932e-05
2.6644407345575960e+00 0.0000000000000000e+00 3.5674460422478949e-05
2.6744574290484140e+00 0.0000000000000000e+00 3.5657515127674987e-05
2.6844741235392320e+00 0.0000000000000000e+00 3.5640569832871011e-05
2.6944908180300500e+00 0.0000000000000000e+00 3.5623624538067029e-05
2.7045075125208680e+00 0.0000000000000000e+00 3.5606857501648733e-05
2.7145242070116860e+00 0.0000000000000000e+00 3.5590308336590746e-05
2.7245409015025039e+00 0.0000000000000000e+00 3.5573759171532740e-05
2.7345575959933224e+00 0.0000000000000000e+00 3.5557210006474753e-05
2.7445742904841404e+00 0.0000000000000000e+00 3.5540660841416754e-05
2.7545909849749584e+00 0.0000000000000000e+00 3.5524111676358760e-05
2.7646076794657763e+00 0.0000000000000000e+00 3.5507741557471805e-05
2.7746243739565943e+00 0.0000000000000000e+00 3.5491581623220428e-05
2.7846410684474123e+00 0.0000000000000000e+00 3.5475421688969030e-05
2.7946577629382303e+00 0.0000000000000000e+00 3.5459261754717653e-05
2.8046744574290483e+00 0.0000000000000000e+00 3.5443101820466263e-05
2.8146911519198663e+00 0.0000000000000000e+00 3.5426941886214872e-05
2.8247078464106843e+00 0.0000000000000000e+00 3.5410961596254752e-05
2.8347245409015023e+00 0.0000000000000000e+00 3.5395183883899666e-05
2.8447412353923207e+00 0.0000000000000000e+00 3.5379406171544587e-05
2.8547579298831387e+00 0.0000000000000000e+00 3.5363628459189501e-05
2.8647746243739567e+00 0.0000000000000000e+00 3.5347850746834422e-05
2.8747913188647747e+00 0.0000000000000000e+00 3.5332073034479343e-05
2.8848080133555927e+00 0.0000000000000000e+00 3.5316475373525414e-05
2.8948247078464107e+00 0.0000000000000000e+00 3.5301072768256068e-05
2.9048414023372287e+00 0.0000000000000000e+00 3.5285670162986708e-05
2.9148580968280466e+00 0.0000000000000000e+00 3.5270267557717355e-05
2.9248747913188646e+00 0.0000000000000000e+00 3.5254864952448002e-05
2.9348914858096826e+00 0.0000000000000000e+00 3.5239462347178649e-05
2.9449081803005006e+00 0.0000000000000000e+00 3.5224240008260011e-05
2.9549248747913190e+00 0.0000000000000000e+00 3.5209205293502299e-05
2.9649415692821370e+00 0.0000000000000000e+00 3.5194170578744593e-05
2.9749582637729550e+00 0.0000000000000000e+00 3.5179135863986887e-05
2.9849749582637730e+00 0.0000000000000000e+00 3.5164101149229188e-05
2.9949916527545910e+00 0.0000000000000000e+00 3.5149066434471488e-05
3.0050083472454090e+00 0.0000000000000000e+00 3.5134212007894868e-05
3.0150250417362270e+00 0.0000000000000000e+00 3.5119537869499340e-05
3.0250417362270450e+00 0.0000000000000000e+00 3.5104863731103812e-05
3.0350584307178630e+00 0.0000000000000000e+00 3.5090189592708298e-05
3.0450751252086810e+00 0.0000000000000000e+00 3.5075515454312756e-05
3.0550918196994989e+00 0.0000000000000000e+00 3.5060841315917235e-05
3.0651085141903169e+00 0.0000000000000000e+00 3.5046347293652003e-05
3.0751252086811354e+00 0.0000000000000000e+00 3.5032026324139387e-05
3.0851419031719534e+00 0.0000000000000000e+00 3.5017705354626785e-05
3.0951585976627713e+00 0.0000000000000000e+00 3.5003384385114176e-05
3.1051752921535893e+00 0.0000000000000000e+00 3.4989063415601566e-05
3.1151919866444073e+00 0.0000000000000000e+00 3.4974742446088957e-05
3.1252086811352253e+00 0.0000000000000000e+00 3.4960601226206371e-05
3.1352253756260433e+00 0.0000000000000000e+00 3.4946625929059201e-05
3.1452420701168613e+00 0.0000000000000000e+00 3.4932650631912018e-05
3.1552587646076793e+00 0.0000000000000000e+00 3.4918675334764849e-05
3.1652754590984973e+00 0.0000000000000000e+00 3.4904700037617660e-05
3.1752921535893153e+00 0.0000000000000000e+00 3.4890724740470484e-05
3.1853088480801337e+00 0.0000000000000000e+00 3.4876928631635973e-05
3.1953255425709517e+00 0.0000000000000000e+00 3.4863291425644760e-05
3.2053422370617697e+00 0.0000000000000000e+00 3.4849654219653553e-05
3.2153589315525877e+00 0.0000000000000000e+00 3.4836017013662340e-05
3.2253756260434057e+00 0.0000000000000000e+00 3.4822379807671119e-05
3.2353923205342237e+00 0.0000000000000000e+00 3.4808742601679906e-05
3.2454090150250416e+00 0.0000000000000000e+00 3.4795283827690363e-05
3.2554257095158596e+00 0.0000000000000000e+00 3.4781977051331847e-05
3.2654424040066776e+00 0.0000000000000000e+00 3.4768670274973338e-05
3.2754590984974956e+00 0.0000000000000000e+00 3.4755363498614830e-05
3.2854757929883136e+00 0.0000000000000000e+00 3.4742056722256321e-05
3.2954924874791320e+00 0.0000000000000000e+00 3.4728749945897805e-05
3.3055091819699500e+00 0.0000000000000000e+00 3.4715620650265992e-05
3.3155258764607680e+00 0.0000000000000000e+00 3.4702636566137842e-05
3.3255425709515860e+00 0.0000000000000000e+00 3.4689652482009685e-05
3.3355592654424040e+00 0.0000000000000000e+00 3.4676668397881528e-05
3.3455759599332220e+00 0.0000000000000000e+00 3.4663684313753371e-05
3.3555926544240400e+00 0.0000000000000000e+00 3.4650700229625221e-05
3.3656093489148580e+00 0.0000000000000000e+00 3.4637892480202243e-05
3.3756260434056760e+00 0.0000000000000000e+00 3.4625223279476181e-05
3.3856427378964939e+00 0.0000000000000000e+00 3.4612554078750126e-05
3.3956594323873119e+00 0.0000000000000000e+00 3.4599884878024077e-05
3.4056761268781304e+00 0.0000000000000000e+00 3.4587215677298015e-05
3.4156928213689484e+00 0.0000000000000000e+00 3.4574546476571953e-05
3.4257095158597664e+00 0.0000000000000000e+00 3.4562052270206527e-05
3.4357262103505843e+00 0.0000000000000000e+00 3.4549690077130690e-05
3.4457429048414023e+00 0.0000000000000000e+00 3.4537327884054853e-05
3.4557595993322203e+00 0.0000000000000000e+00 3.4524965690979009e-05
3.4657762938230383e+00 0.0000000000000000e+00 3.4512603497903185e-05
3.4757929883138563e+00 0.0000000000000000e+00 3.4500241304827335e-05
3.4858096828046743e+00 0.0000000000000000e+00 3.4488052572058346e-05
3.4958263772954923e+00 0.0000000000000000e+00 3.4475989448477067e-05
3.5058430717863103e+00 0.0000000000000000e+00 3.4463926324895782e-05
3.5158597662771287e+00 0.0000000000000000e+00 3.4451863201314510e-05
3.5258764607679467e+00 0.0000000000000000e+00 3.4439800077733225e-05
3.5358931552587647e+00 0.0000000000000000e+00 3.4427736954151947e-05
3.5459098497495827e+00 0.0000000000000000e+00 3.4415845563935840e-05
3.5559265442404007e+00 0.0000000000000000e+00 3.4404073513854866e-05
3.5659432387312187e+00 0.0000000000000000e+00 3.4392301463773885e-05
3.5759599332220366e+00 0.0000000000000000e+00 3.4380529413692890e-05
3.5859766277128546e+00 0.0000000000000000e+00 3.4368757363611916e-05
3.5959933222036726e+00 0.0000000000000000e+00 3.4356985313530942e-05
3.6060100166944906e+00 0.0000000000000000e+00 3.4345383077985271e-05
3.6160267111853086e+00 0.0000000000000000e+00 3.4333894052129826e-05
3.6260434056761270e+00 0.0000000000000000e+00 3.4322405026274382e-05
3.6360601001669450e+00 0.0000000000000000e+00 3.4310916000418923e-05
3.6460767946577630e+00 0.0000000000000000e+00 3.4299426974563478e-05
3.6560934891485810e+00 0.0000000000000000e+00 3.4287937948708033e-05
3.6661101836393990e+00 0.0000000000000000e+00 3.4276616627884389e-05
3.6761268781302170e+00 0.0000000000000000e+00 3.4265402528310581e-05
3.6861435726210350e+00 0.0000000000000000e+00 3.4254188428736774e-05
3.6961602671118530e+00 0.0000000000000000e+00 3.4242974329162966e-05
3.7061769616026710e+00 0.0000000000000000e+00 3.4231760229589165e-05
3.7161936560934890e+00 0.0000000000000000e+00 3.4220546130015357e-05
3.7262103505843069e+00 0.0000000000000000e+00 3.4209497436686735e-05
3.7362270450751254e+00 0.0000000000000000e+00 3.4198550121379372e-05
3.7462437395659434e+00 0.0000000000000000e+00 3.4187602806071996e-05
3.7562604340567614e+00 0.0000000000000000e+00 3.4176655490764633e-05
3.7662771285475793e+00 0.0000000000000000e+00 3.4165708175457263e-05
3.7762938230383973e+00 0.0000000000000000e+00 3.4154760860149887e-05
3.7863105175292153e+00 0.0000000000000000e+00 3.4143976464614876e-05
3.7963272120200333e+00 0.0000000000000000e+00 3.4133287752120783e-05
3.8063439065108513e+00 0.0000000000000000e+00 3.4122599039626683e-05
3.8163606010016693e+00 0.0000000000000000e+00 3.4111910327132583e-05
3.8263772954924873e+00 0.0000000000000000e+00 3.4101221614638483e-05
3.8363939899833053e+00 0.0000000000000000e+00 3.4090532902144390e-05
3.8464106844741233e+00 0.0000000000000000e+00 3.4080004437039812e-05
3.8564273789649417e+00 0.0000000000000000e+00 3.4069566111091844e-05
3.8664440734557597e+00 0.0000000000000000e+00 3.4059127785143869e-05
3.8764607679465777e+00 0.0000000000000000e+00 3.4048689459195895e-05
3.8864774624373957e+00 0.0000000000000000e+00 3.4038251133247920e-05
3.8964941569282137e+00 0.0000000000000000e+00 3.4027812807299945e-05
3.9065108514190316e+00 0.0000000000000000e+00 3.4017531872421536e-05
3.9165275459098496e+00 0.0000000000000000e+00 3.4007335686580571e-05
3.9265442404006676e+00 0.0000000000000000e+00 3.3997139500739600e-05
3.9365609348914856e+00 0.0000000000000000e+00 3.3986943314898643e-05
3.9465776293823036e+00 0.0000000000000000e+00 3.3976747129057678e-05
3.9565943238731216e+00 0.0000000000000000e+00 3.3966550943216714e-05
3.9666110183639400e+00 0.0000000000000000e+00 3.3956509110338846e-05
3.9766277128547580e+00 0.0000000000000000e+00 3.3946546792623783e-05
3.9866444073455760e+00 0.0000000000000000e+00 3.3936584474908720e-05
3.9966611018363940e+00 0.0000000000000000e+00 3.3926622157193643e-05
4.0066777963272120e+00 0.0000000000000000e+00 3.3916659839478587e-05
4.0166944908180300e+00 0.0000000000000000e+00 3.3906697521763524e-05
4.0267111853088480e+00 0.0000000000000000e+00 3.3896886339467006e-05
4.0367278797996660e+00 0.0000000000000000e+00 3.3887149597003502e-05
4.0467445742904840e+00 0.0000000000000000e+00 3.3877412854539998e-05
4.0567612687813019e+00 0.0000000000000000e+00 3.3867676112076495e-05
4.0667779632721199e+00 0.0000000000000000e+00 3.3857939369612991e-05
4.0767946577629379e+00 0.0000000000000000e+00 3.3848202627149494e-05
4.0868113522537559e+00 0.0000000000000000e+00 3.3838613625635639e-05
4.0968280467445739e+00 0.0000000000000000e+00 3.3829094149274576e-05
4.1068447412353919e+00 0.0000000000000000e+00 3.3819574672913507e-05
4.1168614357262099e+00 0.0000000000000000e+00 3.3810055196552451e-05
4.1268781302170288e+00 0.0000000000000000e+00 3.3800535720191395e-05
4.1368948247078468e+00 0.0000000000000000e+00 3.3791016243830326e-05
4.1469115191986647e+00 0.0000000000000000e+00 3.3781640939727176e-05
4.1569282136894827e+00 0.0000000000000000e+00 3.3772330408667434e-05
4.1669449081803007e+00 0.0000000000000000e+00 3.3763019877607686e-05
4.1769616026711187e+00 0.0000000000000000e+00 3.3753709346547951e-05
4.1869782971619367e+00 0.0000000000000000e+00 3.3744398815488203e-05
4.1969949916527547e+00 0.0000000000000000e+00 3.3735088284428455e-05
4.2070116861435727e+00 0.0000000000000000e+00 3.3725918185590419e-05
4.2170283806343907e+00 0.0000000000000000e+00 3.3716808271990252e-05
4.2270450751252087e+00 0.0000000000000000e+00 3.3707698358390086e-05
4.2370617696160267e+00 0.0000000000000000e+00 3.3698588444789926e-05
4.2470784641068446e+00 0.0000000000000000e+00 3.3689478531189760e-05
4.2570951585976626e+00 0.0000000000000000e+00 3.3680368617589600e-05
4.2671118530884806e+00 0.0000000000000000e+00 3.3671395227873856e-05
4.2771285475792986e+00 0.0000000000000000e+00 3.3662477601434865e-05
4.2871452420701166e+00 0.0000000000000000e+00 3.3653559974995868e-05
4.2971619365609346e+00 0.0000000000000000e+00 3.3644642348556871e-05
4.3071786310517526e+00 0.0000000000000000e+00 3.3635724722117874e-05
4.3171953255425706e+00 0.0000000000000000e+00 3.3626807095678870e-05
4.3272120200333886e+00 0.0000000000000000e+00 3.3618021919711071e-05
4.3372287145242066e+00 0.0000000000000000e+00 3.3609288252259833e-05
4.3472454090150245e+00 0.0000000000000000e+00 3.3600554584808608e-05
4.3572621035058434e+00 0.0000000000000000e+00 3.3591820917357364e-05
4.3672787979966614e+00 0.0000000000000000e+00 3.3583087249906126e-05
4.3772954924874794e+00 0.0000000000000000e+00 3.3574353582454888e-05
4.3873121869782974e+00 0.0000000000000000e+00 3.3565748130358907e-05
4.3973288814691154e+00 0.0000000000000000e+00 3.3557190100380618e-05
4.4073455759599334e+00 0.0000000000000000e+00 3.3548632070402336e-05
4.4173622704507514e+00 0.0000000000000000e+00 3.3540074040424041e-05
4.4273789649415694e+00 0.0000000000000000e+00 3.3531516010445745e-05
4.4373956594323873e+00 0.0000000000000000e+00 3.3522957980467463e-05
4.4474123539232053e+00 0.0000000000000000e+00 3.3514523772579329e-05
4.4574290484140233e+00 0.0000000000000000e+00 3.3506133069749908e-05
4.4674457429048413e+00 0.0000000000000000e+00 3.3497742366920501e-05
4.4774624373956593e+00 0.0000000000000000e+00 3.3489351664091087e-05
4.4874791318864773e+00 0.0000000000000000e+00 3.3480960961261667e-05
4.4974958263772953e+00 0.0000000000000000e+00 3.3472570258432246e-05
4.5075125208681133e+00 0.0000000000000000e+00 3.3464298829976941e-05
4.5175292153589313e+00 0.0000000000000000e+00 3.3456067159646340e-05
4.5275459098497493e+00 0.0000000000000000e+00 3.3447835489315725e-05
4.5375626043405672e+00 0.0000000000000000e+00 3.3439603818985124e-05
4.5475792988313852e+00 0.0000000000000000e+00 3.3431372148654523e-05
4.5575959933222032e+00 0.0000000000000000e+00 3.3423140478323915e-05
4.5676126878130212e+00 0.0000000000000000e+00 3.3415023384056367e-05
4.5776293823038401e+00 0.0000000000000000e+00 3.3406942471703468e-05
4.5876460767946581e+00 0.0000000000000000e+00 3.3398861559350556e-05
4.5976627712854761e+00 0.0000000000000000e+00 3.3390780646997651e-05
4.6076794657762941e+00 0.0000000000000000e+00 3.3382699734644752e-05
4.6176961602671120e+00 0.0000000000000000e+00 3.3374618822291853e-05
4.6277128547579300e+00 0.0000000000000000e+00 3.3366647641111596e-05
4.6377295492487480e+00 0.0000000000000000e+00 3.3358709236775119e-05
4.6477462437395660e+00 0.0000000000000000e+00 3.3350770832438648e-05
4.6577629382303840e+00 0.0000000000000000e+00 3.3342832428102164e-05
4.6677796327212020e+00 0.0000000000000000e+00 3.3334894023765693e-05
4.6777963272120200e+00 0.0000000000000000e+00 3.3326955619429223e-05
4.6878130217028380e+00 0.0000000000000000e+00 3.3319121958934072e-05
4.6978297161936560e+00 0.0000000000000000e+00 3.3311317841573651e-05
4.7078464106844740e+00 0.0000000000000000e+00 3.3303513724213244e-05
4.7178631051752919e+00 0.0000000000000000e+00 3.3295709606852823e-05
4.7278797996661099e+00 0.0000000000000000e+00 3.3287905489492402e-05
4.7378964941569279e+00 0.0000000000000000e+00 3.3280101372131995e-05
4.7479131886477459e+00 0.0000000000000000e+00 3.3272396873147697e-05
4.7579298831385639e+00 0.0000000000000000e+00 3.3264718854997547e-05
4.7679465776293819e+00 0.0000000000000000e+00 3.3257040836847396e-05
4.7779632721201999e+00 0.0000000000000000e+00 3.3249362818697259e-05
4.7879799666110179e+00 0.0000000000000000e+00 3.3241684800547115e-05
4.7979966611018368e+00 0.0000000000000000e+00 3.3234006782396965e-05
4.8080133555926547e+00 0.0000000000000000e+00 3.3226423123443452e-05
4.8180300500834727e+00 0.0000000000000000e+00 3.3218863054289086e-05
4.8280467445742907e+00 0.0000000000000000e+00 3.3211302985134721e-05
4.8380634390651087e+00 0.0000000000000000e+00 3.3203742915980355e-05
4.8480801335559267e+00 0.0000000000000000e+00 3.3196182846825990e-05
4.8580968280467447e+00 0.0000000000000000e+00 3.3188622777671624e-05
4.8681135225375627e+00 0.0000000000000000e+00 3.3181151679386221e-05
4.8781302170283807e+00 0.0000000000000000e+00 3.3173701450810823e-05
4.8881469115191987e+00 0.0000000000000000e+00 3.3166251222235425e-05
4.8981636060100167e+00 0.0000000000000000e+00 3.3158800993660021e-05
4.9081803005008346e+00 0.0000000000000000e+00 3.3151350765084616e-05
4.9181969949916526e+00 0.0000000000000000e+00 3.3143900536509218e-05
4.9282136894824706e+00 0.0000000000000000e+00 3.3136533766012959e-05
4.9382303839732886e+00 0.0000000000000000e+00 3.3129185315582840e-05
4.9482470784641066e+00 0.0000000000000000e+00 3.3121836865152721e-05
4.9582637729549246e+00 0.0000000000000000e+00 3.3114488414722601e-05
4.9682804674457426e+00 0.0000000000000000e+00 3.3107139964292482e-05
4.9782971619365606e+00 0.0000000000000000e+00 3.3099791513862370e-05
4.9883138564273786e+00 0.0000000000000000e+00 3.3092520889069339e-05
4.9983305509181966e+00 0.0000000000000000e+00 3.3085266204467018e-05
5.0083472454090145e+00 0.0000000000000000e+00 3.3078011519864710e-05
5.0183639398998334e+00 0.0000000000000000e+00 3.3070756835262396e-05
5.0283806343906514e+00 0.0000000000000000e+00 3.3063502150660082e-05
5.0383973288814694e+00 0.0000000000000000e+00 3.3056247466057774e-05
5.0484140233722874e+00 0.0000000000000000e+00 3.3049064859922481e-05
5.0584307178631054e+00 0.0000000000000000e+00 3.3041895983018984e-05
5.0684474123539234e+00 0.0000000000000000e+00 3.3034727106115499e-05
5.0784641068447414e+00 0.0000000000000000e+00 3.3027558229212015e-05
5.0884808013355594e+00 0.0000000000000000e+00 3.3020389352308518e-05
5.0984974958263773e+00 0.0000000000000000e+00 3.3013220475405040e-05
5.1085141903171953e+00 0.0000000000000000e+00 3.3006117820110021e-05
5.1185308848080133e+00 0.0000000000000000e+00 3.2999026850981190e-05
5.1285475792988313e+00 0.0000000000000000e+00 3.2991935881852372e-05
5.1385642737896493e+00 0.0000000000000000e+00 3.2984844912723561e-05
5.1485809682804673e+00 0.0000000000000000e+00 3.2977753943594736e-05
5.1585976627712853e+00 0.0000000000000000e+00 3.2970662974465919e-05
5.1686143572621033e+00 0.0000000000000000e+00 3.2963632265540477e-05
5.1786310517529213e+00 0.0000000000000000e+00 3.2956611366415583e-05
5.1886477462437393e+00 0.0000000000000000e+00 3.2949590467290696e-05
5.1986644407345572e+00 0.0000000000000000e+00 3.2942569568165808e-05
5.2086811352253752e+00 0.0000000000000000e+00 3.2935548669040908e-05
5.2186978297161932e+00 0.0000000000000000e+00 3.2928527769916021e-05
5.2287145242070112e+00 0.0000000000000000e+00 3.2921561070283677e-05
5.2387312186978292e+00 0.0000000000000000e+00 3.2914602469426070e-05
5.2487479131886481e+00 0.0000000000000000e+00 3.2907643868568483e-05
5.2587646076794661e+00 0.0000000000000000e+00 3.2900685267710876e-05
5.2687813021702841e+00 0.0000000000000000e+00 3.2893726666853275e-05
5.2787979966611021e+00 0.0000000000000000e+00 3.2886768065995682e-05
5.2888146911519200e+00 0.0000000000000000e+00 3.2879857509956639e-05
5.2988313856427380e+00 0.0000000000000000e+00 3.2872953505483784e-05
5.3088480801335560e+00 0.0000000000000000e+00 3.2866049501010916e-05
5.3188647746243740e+00 0.0000000000000000e+00 3.2859145496538054e-05
5.3288814691151920e+00 0.0000000000000000e+00 3.2852241492065192e-05
5.3388981636060100e+00 0.0000000000000000e+00 3.2845337487592324e-05
5.3489148580968280e+00 0.0000000000000000e+00 3.2838475284729040e-05
5.3589315525876460e+00 0.0000000000000000e+00 3.2831618248356818e-05
5.3689482470784640e+00 0.0000000000000000e+00 3.2824761211984602e-05
5.3789649415692820e+00 0.0000000000000000e+00 3.2817904175612387e-05
5.3889816360600999e+00 0.0000000000000000e+00 3.2811047139240165e-05
5.3989983305509179e+00 0.0000000000000000e+00 3.2804190102867950e-05
5.4090150250417359e+00 0.0000000000000000e+00 3.2797368541868990e-05
5.4190317195325539e+00 0.0000000000000000e+00 3.2790550922578177e-05
5.4290484140233719e+00 0.0000000000000000e+00 3.2783733303287343e-05
5.4390651085141899e+00 0.0000000000000000e+00 3.2776915683996522e-05
5.4490818030050079e+00 0.0000000000000000e+00 3.2770098064705702e-05
5.4590984974958259e+00 0.0000000000000000e+00 3.2763280445414881e-05
5.4691151919866448e+00 0.0000000000000000e+00 3.2756491897831437e-05
5.4791318864774627e+00 0.0000000000000000e+00 3.2749706225471801e-05
5.4891485809682807e+00 0.0000000000000000e+00 3.2742920553112158e-05
5.4991652754590987e+00 0.0000000000000000e+00 3.2736134880752522e-05
5.5091819699499167e+00 0.0000000000000000e+00 3.2729349208392879e-05
5.5191986644407347e+00 0.0000000000000000e+00 3.2722563536033243e-05
5.5292153589315527e+00 0.0000000000000000e+00 3.2715800459944849e-05
5.5392320534223707e+00 0.0000000000000000e+00 3.2709039348749615e-05
5.5492487479131887e+00 0.0000000000000000e+00 3.2702278237554375e-05
5.5592654424040067e+00 0.0000000000000000e+00 3.2695517126359134e-05
5.5692821368948247e+00 0.0000000000000000e+00 3.2688756015163906e-05
5.5792988313856426e+00 0.0000000000000000e+00 3.2681994903968666e-05
5.5893155258764606e+00 0.0000000000000000e+00 3.2675249847568478e-05
5.5993322203672786e+00 0.0000000000000000e+00 3.2668505999593740e-05
5.6093489148580966e+00 0.0000000000000000e+00 3.2661762151618995e-05
5.6193656093489146e+00 0.0000000000000000e+00 3.2655018303644250e-05
5.6293823038397326e+00 0.0000000000000000e+00 3.2648274455669505e-05
5.6393989983305506e+00 0.0000000000000000e+00 3.2641530607694760e-05
5.6494156928213686e+00 0.0000000000000000e+00 3.2634796212793389e-05
5.6594323873121866e+00 0.0000000000000000e+00 3.2628062421279679e-05
5.6694490818030046e+00 0.0000000000000000e+00 3.2621328629765969e-05
5.6794657762938225e+00 0.0000000000000000e+00 3.2614594838252253e-05
5.6894824707846414e+00 0.0000000000000000e+00 3.2607861046738543e-05
5.6994991652754594e+00 0.0000000000000000e+00 3.2601127255224833e-05
5.7095158597662774e+00 0.0000000000000000e+00 3.2594396260664330e-05
5.7195325542570954e+00 0.0000000000000000e+00 3.2587665413311899e-05
5.7295492487479134e+00 0.0000000000000000e+00 3.2580934565959468e-05
5.7395659432387314e+00 0.0000000000000000e+00 3.2574203718607030e-05
5.7495826377295494e+00 0.0000000000000000e+00 3.2567472871254606e-05
5.7595993322203674e+00 0.0000000000000000e+00 3.2560742023902168e-05
5.7696160267111853e+00 0.0000000000000000e+00 3.2554007268881488e-05
5.7796327212020033e+00 0.0000000000000000e+00 3.2547272351041288e-05
5.7896494156928213e+00 0.0000000000000000e+00 3.2540537433201088e-05
5.7996661101836393e+00 0.0000000000000000e+00 3.2533802515360882e-05
5.8096828046744573e+00 0.0000000000000000e+00 3.2527067597520689e-05
5.8196994991652753e+00 0.0000000000000000e+00 3.2520332679680496e-05
5.8297161936560933e+00 0.0000000000000000e+00 3.2513587106994320e-05
5.8397328881469113e+00 0.0000000000000000e+00 3.2506841204776826e-05
5.8497495826377293e+00 0.0000000000000000e+00 3.2500095302559359e-05
5.8597662771285473e+00 0.0000000000000000e+00 3.2493349400341873e-05
5.8697829716193652e+00 0.0000000000000000e+00 3.2486603498124379e-05
5.8797996661101832e+00 0.0000000000000000e+00 3.2479857595906885e-05
5.8898163606010012e+00 0.0000000000000000e+00 3.2473094255082728e-05
5.8998330550918192e+00 0.0000000000000000e+00 3.2466330558368625e-05
5.9098497495826381e+00 0.0000000000000000e+00 3.2459566861654529e-05
5.9198664440734561e+00 0.0000000000000000e+00 3.2452803164940432e-05
5.9298831385642741e+00 0.0000000000000000e+00 3.2446039468226343e-05
5.9398998330550921e+00 0.0000000000000000e+00 3.2439275771512240e-05
5.9499165275459100e+00 0.0000000000000000e+00 3.2432487821875685e-05
5.9599332220367280e+00 0.0000000000000000e+00 3.2425699627260113e-05
5.9699499165275460e+00 0.0000000000000000e+00 3.2418911432644533e-05
5.9799666110183640e+00 0.0000000000000000e+00 3.2412123238028968e-05
5.9899833055091820e+00 0.0000000000000000e+00 3.2405335043413395e-05
6.0000000000000000e+00 0.0000000000000000e+00 3.2398546848797816e-05
