-6.0000000000000000e+00 0.0000000000000000e+00 1.0993938267915040e-01
-5.9400000000000004e+00 0.0000000000000000e+00 1.1652789094737170e-01
-5.8799999999999999e+00 0.0000000000000000e+00 1.2347216135820806e-01
-5.8200000000000003e+00 0.0000000000000000e+00 1.3079039519976041e-01
-5.7599999999999998e+00 0.0000000000000000e+00 1.3850168028488583e-01
-5.7000000000000002e+00 0.0000000000000000e+00 1.4662602433141886e-01
-5.6399999999999997e+00 0.0000000000000000e+00 1.5518438998146902e-01
-5.5800000000000001e+00 0.0000000000000000e+00 1.6419872878086761e-01
-5.5199999999999996e+00 0.0000000000000000e+00 1.7369201134487683e-01
-5.4600000000000000e+00 0.0000000000000000e+00 1.8368825809050265e-01
-5.4000000000000004e+00 0.0000000000000000e+00 1.9421256773914050e-01
-5.3399999999999999e+00 0.0000000000000000e+00 2.0529113911236493e-01
-5.2800000000000002e+00 0.0000000000000000e+00 2.1695129042506409e-01
-5.2199999999999998e+00 0.0000000000000000e+00 2.2922147399484835e-01
-5.1600000000000001e+00 0.0000000000000000e+00 2.4213128093131941e-01
-5.0999999999999996e+00 0.0000000000000000e+00 2.5571143706128513e-01
-5.0400000000000000e+00 0.0000000000000000e+00 2.6999379037105492e-01
-4.9800000000000004e+00 0.0000000000000000e+00 2.8501128378127788e-01
-4.9199999999999999e+00 0.0000000000000000e+00 3.0079790895999375e-01
-4.8600000000000003e+00 0.0000000000000000e+00 3.1738864539279804e-01
-4.7999999999999998e+00 0.0000000000000000e+00 3.3481937659912608e-01
-4.7400000000000002e+00 0.0000000000000000e+00 3.5312677403614195e-01
-4.6799999999999997e+00 0.0000000000000000e+00 3.7234815469023863e-01
-4.6200000000000001e+00 0.0000000000000000e+00 3.9252130320798884e-01
-4.5599999999999996e+00 0.0000000000000000e+00 4.1368424452811853e-01
-4.5000000000000000e+00 0.0000000000000000e+00 4.3587497100979217e-01
-4.4400000000000004e+00 0.0000000000000000e+00 4.5913111578735261e-01
-4.3799999999999999e+00 0.0000000000000000e+00 4.8348955559061024e-01
-4.3200000000000003e+00 0.0000000000000000e+00 5.0898593870553754e-01
-4.2599999999999998e+00 0.0000000000000000e+00 5.3565413570131981e-01
-4.2000000000000002e+00 0.0000000000000000e+00 5.6626372832445704e-01
-4.1399999999999997e+00 0.0000000000000000e+00 5.9687511525674686e-01
-4.0800000000000001e+00 0.0000000000000000e+00 6.2874219614065263e-01
-4.0199999999999996e+00 0.0000000000000000e+00 6.6188376307990571e-01
-3.9600000000000000e+00 0.0000000000000000e+00 6.9631244225127054e-01
-3.8999999999999999e+00 0.0000000000000000e+00 7.3203342799219484e-01
-3.8399999999999999e+00 0.0000000000000000e+00 7.6904307319937337e-01
-3.7799999999999998e+00 0.0000000000000000e+00 8.0732731199059571e-01
-3.7200000000000002e+00 0.0000000000000000e+00 8.4685994304519330e-01
-3.6600000000000001e+00 0.0000000000000000e+00 8.8760078415679544e-01
-3.6000000000000001e+00 0.0000000000000000e+00 9.2949369249108826e-01
-3.5400000000000000e+00 0.0000000000000000e+00 9.7246448409296149e-01
-3.4800000000000000e+00 0.0000000000000000e+00 1.0164188198997142e+00
-3.4199999999999999e+00 0.0000000000000000e+00 1.0612400871483489e+00
-3.3599999999999999e+00 0.0000000000000000e+00 1.1067873215852142e+00
-3.2999999999999998e+00 0.0000000000000000e+00 1.1528933213150585e+00
-3.2400000000000002e+00 0.0000000000000000e+00 1.1993630309492522e+00
-3.1800000000000002e+00 0.0000000000000000e+00 1.2459722625750413e+00
-3.1200000000000001e+00 0.0000000000000000e+00 1.2924669817695578e+00
-3.0600000000000001e+00 0.0000000000000000e+00 1.3385632920002188e+00
-3.0000000000000000e+00 0.0000000000000000e+00 1.3839481873892590e+00
-2.9399999999999999e+00 0.0000000000000000e+00 1.4282813057269819e+00
-2.8799999999999999e+00 0.0000000000000000e+00 1.4711978368113081e+00
-2.8199999999999998e+00 0.0000000000000000e+00 1.5123125987163584e+00
-2.7599999999999998e+00 0.0000000000000000e+00 1.5512253257059736e+00
-2.7000000000000002e+00 0.0000000000000000e+00 1.5875273047523080e+00
-2.6400000000000001e+00 0.0000000000000000e+00 1.6208091748640752e+00
-2.5800000000000001e+00 0.0000000000000000e+00 1.6506695458000120e+00
-2.5200000000000000e+00 0.0000000000000000e+00 1.6767244986136036e+00
-2.4600000000000000e+00 0.0000000000000000e+00 1.6986175435627753e+00
-2.3999999999999999e+00 0.0000000000000000e+00 1.7160291971226493e+00
-2.3399999999999999e+00 0.0000000000000000e+00 1.7286861869220631e+00
-2.2799999999999998e+00 0.0000000000000000e+00 1.7363699790557774e+00
-2.2200000000000002e+00 0.0000000000000000e+00 1.7389232607663205e+00
-2.1600000000000001e+00 0.0000000000000000e+00 1.7362549567676937e+00
-2.1000000000000001e+00 0.0000000000000000e+00 1.7289726674973402e+00
-2.0400000000000000e+00 0.0000000000000000e+00 1.7150087011335204e+00
-1.9800000000000000e+00 0.0000000000000000e+00 1.6959690686661617e+00
-1.9199999999999999e+00 0.0000000000000000e+00 1.6720309280699648e+00
-1.8600000000000001e+00 0.0000000000000000e+00 1.6434279938637031e+00
-1.8000000000000000e+00 0.0000000000000000e+00 1.6104429123442698e+00
-1.7400000000000000e+00 0.0000000000000000e+00 1.5733980677245338e+00
-1.6799999999999999e+00 0.0000000000000000e+00 1.5326458208169176e+00
-1.6200000000000001e+00 0.0000000000000000e+00 1.4885587567574057e+00
-1.5600000000000001e+00 0.0000000000000000e+00 1.4415199596961925e+00
-1.5000000000000000e+00 0.0000000000000000e+00 1.3919139070503703e+00
-1.4399999999999999e+00 0.0000000000000000e+00 1.3401184072703989e+00
-1.3799999999999999e+00 0.0000000000000000e+00 1.2864975869981212e+00
-1.3200000000000001e+00 0.0000000000000000e+00 1.2313960575302589e+00
-1.2600000000000000e+00 0.0000000000000000e+00 1.1751344087864488e+00
-1.2000000000000000e+00 0.0000000000000000e+00 1.1180059609490263e+00
-1.1399999999999999e+00 0.0000000000000000e+00 1.0602745845897485e+00
-1.0800000000000001e+00 0.0000000000000000e+00 1.0021735773411982e+00
-1.0200000000000000e+00 0.0000000000000000e+00 9.4390546482795501e-01
-9.5999999999999996e-01 0.0000000000000000e+00 8.8564246841041183e-01
-9.0000000000000002e-01 0.0000000000000000e+00 8.2752756347651257e-01
-8.3999999999999997e-01 0.0000000000000000e+00 7.6967600576855499e-01
-7.8000000000000003e-01 0.0000000000000000e+00 7.1217713416800088e-01
-7.1999999999999997e-01 0.0000000000000000e+00 6.5509637440168189e-01
-6.6000000000000003e-01 0.0000000000000000e+00 5.9819248995560359e-01
-5.9999999999999998e-01 0.0000000000000000e+00 5.4154010234725314e-01
-5.4000000000000004e-01 0.0000000000000000e+00 4.8538014681436442e-01
-4.7999999999999998e-01 0.0000000000000000e+00 4.2970383973210352e-01
-4.1999999999999998e-01 0.0000000000000000e+00 3.7448893247694542e-01
-3.5999999999999999e-01 0.0000000000000000e+00 3.1970158141578092e-01
-2.9999999999999999e-01 0.0000000000000000e+00 2.6529811025571615e-01
-2.3999999999999999e-01 0.0000000000000000e+00 2.1122664963648319e-01
-1.7999999999999999e-01 0.0000000000000000e+00 1.5742868010507352e-01
-1.2000000000000000e-01 0.0000000000000000e+00 1.0384048662349545e-01
-5.9999999999999998e-02 0.0000000000000000e+00 5.0394517921882084e-02
0.0000000000000000e+00 0.0000000000000000e+00 0.0000000000000000e+00
5.9999999999999998e-02 0.0000000000000000e+00 5.0394517921882084e-02
1.2000000000000000e-01 0.0000000000000000e+00 1.0384048662349545e-01
1.7999999999999999e-01 0.0000000000000000e+00 1.5742868010507352e-01
2.3999999999999999e-01 0.0000000000000000e+00 2.1122664963648319e-01
2.9999999999999999e-01 0.0000000000000000e+00 2.6529811025571615e-01
3.5999999999999999e-01 0.0000000000000000e+00 3.1970158141578092e-01
4.1999999999999998e-01 0.0000000000000000e+00 3.7448893247694542e-01
4.7999999999999998e-01 0.0000000000000000e+00 4.2970383973210352e-01
5.4000000000000004e-01 0.0000000000000000e+00 4.8538014681436442e-01
5.9999999999999998e-01 0.0000000000000000e+00 5.4154010234725314e-01
6.6000000000000003e-01 0.0000000000000000e+00 5.9819248995560359e-01
7.1999999999999997e-01 0.0000000000000000e+00 6.5509637440168189e-01
7.8000000000000003e-01 0.0000000000000000e+00 7.1217713416800088e-01
8.3999999999999997e-01 0.0000000000000000e+00 7.6967600576855499e-01
9.0000000000000002e-01 0.0000000000000000e+00 8.2752756347651257e-01
9.5999999999999996e-01 0.0000000000000000e+00 8.8564246841041183e-01
1.0200000000000000e+00 0.0000000000000000e+00 9.4390546482795501e-01
1.0800000000000001e+00 0.0000000000000000e+00 1.0021735773411982e+00
1.1399999999999999e+00 0.0000000000000000e+00 1.0602745845897485e+00
1.2000000000000000e+00 0.0000000000000000e+00 1.1180059609490263e+00
1.2600000000000000e+00 0.0000000000000000e+00 1.1751344087864488e+00
1.3200000000000001e+00 0.0000000000000000e+00 1.2313960575302589e+00
1.3799999999999999e+00 0.0000000000000000e+00 1.2864975869981212e+00
1.4399999999999999e+00 0.0000000000000000e+00 1.3401184072703989e+00
1.5000000000000000e+00 0.0000000000000000e+00 1.3919139070503703e+00
1.5600000000000001e+00 0.0000000000000000e+00 1.4415199596961925e+00
1.6200000000000001e+00 0.0000000000000000e+00 1.4885587567574057e+00
1.6799999999999999e+00 0.0000000000000000e+00 1.5326458208169176e+00
1.7400000000000000e+00 0.0000000000000000e+00 1.5733980677245338e+00
1.8000000000000000e+00 0.0000000000000000e+00 1.6104429123442698e+00
1.8600000000000001e+00 0.0000000000000000e+00 1.6434279938637031e+00
1.9199999999999999e+00 0.0000000000000000e+00 1.6720309280699648e+00
1.9800000000000000e+00 0.0000000000000000e+00 1.6959690686661617e+00
2.0400000000000000e+00 0.0000000000000000e+00 1.7150087011335204e+00
2.1000000000000001e+00 0.0000000000000000e+00 1.7289726674973402e+00
2.1600000000000001e+00 0.0000000000000000e+00 1.7362549567676937e+00
2.2200000000000002e+00 0.0000000000000000e+00 1.7389232607663205e+00
2.2799999999999998e+00 0.0000000000000000e+00 1.7363699790557774e+00
2.3399999999999999e+00 0.0000000000000000e+00 1.7286861869220631e+00
2.3999999999999999e+00 0.0000000000000000e+00 1.7160291971226493e+00
2.4600000000000000e+00 0.0000000000000000e+00 1.6986175435627753e+00
2.5200000000000000e+00 0.0000000000000000e+00 1.6767244986136036e+00
2.5800000000000001e+00 0.0000000000000000e+00 1.6506695458000120e+00
2.6400000000000001e+00 0.0000000000000000e+00 1.6208091748640752e+00
2.7000000000000002e+00 0.0000000000000000e+00 1.5875273047523080e+00
2.7599999999999998e+00 0.0000000000000000e+00 1.5512253257059736e+00
2.8199999999999998e+00 0.0000000000000000e+00 1.5123125987163584e+00
2.8799999999999999e+00 0.0000000000000000e+00 1.4711978368113081e+00
2.9399999999999999e+00 0.0000000000000000e+00 1.4282813057269819e+00
3.0000000000000000e+00 0.0000000000000000e+00 1.3839481873892590e+00
3.0600000000000001e+00 0.0000000000000000e+00 1.3385632920002188e+00
3.1200000000000001e+00 0.0000000000000000e+00 1.2924669817695578e+00
3.1800000000000002e+00 0.0000000000000000e+00 1.2459722625750413e+00
3.2400000000000002e+00 0.0000000000000000e+00 1.1993630309492522e+00
3.2999999999999998e+00 0.0000000000000000e+00 1.1528933213150585e+00
3.3599999999999999e+00 0.0000000000000000e+00 1.1067873215852142e+00
3.4199999999999999e+00 0.0000000000000000e+00 1.0612400871483489e+00
3.4800000000000000e+00 0.0000000000000000e+00 1.0164188198997142e+00
3.5400000000000000e+00 0.0000000000000000e+00 9.7246448409296149e-01
3.6000000000000001e+00 0.0000000000000000e+00 9.2949369249108826e-01
3.6600000000000001e+00 0.0000000000000000e+00 8.8760078415679544e-01
3.7200000000000002e+00 0.0000000000000000e+00 8.4685994304519330e-01
3.7799999999999998e+00 0.0000000000000000e+00 8.0732731199059571e-01
3.8399999999999999e+00 0.0000000000000000e+00 7.6904307319937337e-01
3.8999999999999999e+00 0.0000000000000000e+00 7.3203342799219484e-01
3.9600000000000000e+00 0.0000000000000000e+00 6.9631244225127054e-01
4.0199999999999996e+00 0.0000000000000000e+00 6.6188376307990571e-01
4.0800000000000001e+00 0.0000000000000000e+00 6.2874219614065263e-01
4.1399999999999997e+00 0.0000000000000000e+00 5.9687511525674686e-01
4.2000000000000002e+00 0.0000000000000000e+00 5.6626372832445704e-01
4.2599999999999998e+00 0.0000000000000000e+00 5.3565413570131981e-01
4.3200000000000003e+00 0.0000000000000000e+00 5.0898593870553754e-01
4.3799999999999999e+00 0.0000000000000000e+00 4.8348955559061024e-01
4.4400000000000004e+00 0.0000000000000000e+00 4.5913111578735261e-01
4.5000000000000000e+00 0.0000000000000000e+00 4.3587497100979217e-01
4.5599999999999996e+00 0.0000000000000000e+00 4.1368424452811853e-01
4.6200000000000001e+00 0.0000000000000000e+00 3.9252130320798884e-01
4.6799999999999997e+00 0.0000000000000000e+00 3.7234815469023863e-01
4.7400000000000002e+00 0.0000000000000000e+00 3.5312677403614195e-01
4.7999999999999998e+00 0.0000000000000000e+00 3.3481937659912608e-01
4.8600000000000003e+00 0.0000000000000000e+00 3.1738864539279804e-01
4.9199999999999999e+00 0.0000000000000000e+00 3.0079790895999375e-01
4.9800000000000004e+00 0.0000000000000000e+00 2.8501128378127788e-01
5.0400000000000000e+00 0.0000000000000000e+00 2.6999379037105492e-01
5.0999999999999996e+00 0.0000000000000000e+00 2.5571143706128513e-01
5.1600000000000001e+00 0.0000000000000000e+00 2.4213128093131941e-01
5.2199999999999998e+00 0.0000000000000000e+00 2.2922147399484835e-01
5.2800000000000002e+00 0.0000000000000000e+00 2.1695129042506409e-01
5.3399999999999999e+00 0.0000000000000000e+00 2.0529113911236493e-01
5.4000000000000004e+00 0.0000000000000000e+00 1.9421256773914050e-01
5.4600000000000000e+00 0.0000000000000000e+00 1.8368825809050265e-01
5.5199999999999996e+00 0.0000000000000000e+00 1.7369201134487683e-01
5.5800000000000001e+00 0.0000000000000000e+00 1.6419872878086761e-01
5.6399999999999997e+00 0.0000000000000000e+00 1.5518438998146902e-01
5.7000000000000002e+00 0.0000000000000000e+00 1.4662602433141886e-01
5.7599999999999998e+00 0.0000000000000000e+00 1.3850168028488583e-01
5.8200000000000003e+00 0.0000000000000000e+00 1.3079039519976041e-01
5.8799999999999999e+00 0.0000000000000000e+00 1.2347216135820806e-01
5.9400000000000004e+00 0.0000000000000000e+00 1.1652789094737170e-01
6.0000000000000000e+00 0.0000000000000000e+00 1.0993938267915040e-01
