0.0000000000000000e+00 -6.0000000000000000e+00 1.4461612427661599e-01
0.0000000000000000e+00 -5.9400000000000004e+00 1.5170424485822301e-01
0.0000000000000000e+00 -5.8799999999999999e+00 1.5914805804638099e-01
0.0000000000000000e+00 -5.8200000000000003e+00 1.6696555489752599e-01
0.0000000000000000e+00 -5.7599999999999998e+00 1.7517561184942099e-01
0.0000000000000000e+00 -5.7000000000000002e+00 1.8379802445494900e-01
0.0000000000000000e+00 -5.6399999999999997e+00 1.9285354275890401e-01
0.0000000000000000e+00 -5.5800000000000001e+00 2.0236390563765400e-01
0.0000000000000000e+00 -5.5199999999999996e+00 2.1235187132657299e-01
0.0000000000000000e+00 -5.4600000000000000e+00 2.2284124851435599e-01
0.0000000000000000e+00 -5.4000000000000004e+00 2.3385692520671600e-01
0.0000000000000000e+00 -5.3399999999999999e+00 2.4542489088104599e-01
0.0000000000000000e+00 -5.2800000000000002e+00 2.5757225613502899e-01
0.0000000000000000e+00 -5.2199999999999998e+00 2.7032726774692500e-01
0.0000000000000000e+00 -5.1600000000000001e+00 2.8371931370994302e-01
0.0000000000000000e+00 -5.0999999999999996e+00 2.9777891949563601e-01
0.0000000000000000e+00 -5.0400000000000000e+00 3.1253773582634198e-01
0.0000000000000000e+00 -4.9800000000000004e+00 3.2802851177106401e-01
0.0000000000000000e+00 -4.9199999999999999e+00 3.4428504886943700e-01
0.0000000000000000e+00 -4.8600000000000003e+00 3.6134214050171398e-01
0.0000000000000000e+00 -4.7999999999999998e+00 3.7923548839286497e-01
0.0000000000000000e+00 -4.7400000000000002e+00 3.9800158679142500e-01
0.0000000000000000e+00 -4.6799999999999997e+00 4.1767758032231400e-01
0.0000000000000000e+00 -4.6200000000000001e+00 4.3830108636475401e-01
0.0000000000000000e+00 -4.5599999999999996e+00 4.5990996791621203e-01
0.0000000000000000e+00 -4.5000000000000000e+00 4.8254206093709101e-01
0.0000000000000000e+00 -4.4400000000000004e+00 5.0623484790581796e-01
0.0000000000000000e+00 -4.3799999999999999e+00 5.3102506082301004e-01
0.0000000000000000e+00 -4.3200000000000003e+00 5.5694820933923594e-01
0.0000000000000000e+00 -4.2599999999999998e+00 5.8403803163206602e-01
0.0000000000000000e+00 -4.2000000000000002e+00 6.1232584906792598e-01
0.0000000000000000e+00 -4.1399999999999997e+00 6.4183980837747900e-01
0.0000000000000000e+00 -4.0800000000000001e+00 6.7260401954665905e-01
0.0000000000000000e+00 -4.0199999999999996e+00 7.0463756906475405e-01
0.0000000000000000e+00 -3.9600000000000000e+00 7.3795338409275901e-01
0.0000000000000000e+00 -3.8999999999999999e+00 7.7255696617159297e-01
0.0000000000000000e+00 -3.8399999999999999e+00 8.0844498122263897e-01
0.0000000000000000e+00 -3.7799999999999998e+00 8.4560368179398304e-01
0.0000000000000000e+00 -3.7200000000000002e+00 8.8400718996877103e-01
0.0000000000000000e+00 -3.6600000000000001e+00 9.2361565147057900e-01
0.0000000000000000e+00 -3.6000000000000001e+00 9.6437325545977004e-01
0.0000000000000000e+00 -3.5400000000000000e+00 1.0062061535665701e+00
0.0000000000000000e+00 -3.4800000000000000e+00 1.0490203454189599e+00
0.0000000000000000e+00 -3.4199999999999999e+00 1.0926995595549001e+00
0.0000000000000000e+00 -3.3599999999999999e+00 1.1371031751286900e+00
0.0000000000000000e+00 -3.2999999999999998e+00 1.1820643352501199e+00
0.0000000000000000e+00 -3.2400000000000002e+00 1.2273883306177999e+00
0.0000000000000000e+00 -3.1800000000000002e+00 1.2728513199701901e+00
0.0000000000000000e+00 -3.1200000000000001e+00 1.3181996155797400e+00
0.0000000000000000e+00 -3.0600000000000001e+00 1.3631496671334600e+00
0.0000000000000000e+00 -3.0000000000000000e+00 1.4073888139793600e+00
0.0000000000000000e+00 -2.9399999999999999e+00 1.4505770376250300e+00
0.0000000000000000e+00 -2.8799999999999999e+00 1.4923498695676001e+00
0.0000000000000000e+00 -2.8199999999999998e+00 1.5323224670594600e+00
0.0000000000000000e+00 -2.7599999999999998e+00 1.5700949005272400e+00
0.0000000000000000e+00 -2.7000000000000002e+00 1.6052587896057400e+00
0.0000000000000000e+00 -2.6400000000000001e+00 1.6374051019928899e+00
0.0000000000000000e+00 -2.5800000000000001e+00 1.6661327717027401e+00
0.0000000000000000e+00 -2.5200000000000000e+00 1.6910581991638900e+00
0.0000000000000000e+00 -2.4600000000000000e+00 1.7118252086983501e+00
0.0000000000000000e+00 -2.3999999999999999e+00 1.7281146251201400e+00
0.0000000000000000e+00 -2.3399999999999999e+00 1.7396534782754300e+00
0.0000000000000000e+00 -2.2799999999999998e+00 1.7462235299771800e+00
0.0000000000000000e+00 -2.2200000000000002e+00 1.7476677563291401e+00
0.0000000000000000e+00 -2.1600000000000001e+00 1.7438953637122601e+00
0.0000000000000000e+00 -2.1000000000000001e+00 1.7348841895496201e+00
0.0000000000000000e+00 -2.0400000000000000e+00 1.7206812741029800e+00
0.0000000000000000e+00 -1.9800000000000000e+00 1.7014010795119301e+00
0.0000000000000000e+00 -1.9199999999999999e+00 1.6772208158716100e+00
0.0000000000000000e+00 -1.8600000000000001e+00 1.6483742519685300e+00
0.0000000000000000e+00 -1.8000000000000000e+00 1.6151440904844401e+00
0.0000000000000000e+00 -1.7400000000000000e+00 1.5778527740964801e+00
0.0000000000000000e+00 -1.6799999999999999e+00 1.5368527241154299e+00
0.0000000000000000e+00 -1.6200000000000001e+00 1.4925165881567100e+00
0.0000000000000000e+00 -1.5600000000000001e+00 1.4452275147703399e+00
0.0000000000000000e+00 -1.5000000000000000e+00 1.3953700476253199e+00
0.0000000000000000e+00 -1.4399999999999999e+00 1.3433220632002800e+00
0.0000000000000000e+00 -1.3799999999999999e+00 1.2894477578583401e+00
0.0000000000000000e+00 -1.3200000000000001e+00 1.2340918142203401e+00
0.0000000000000000e+00 -1.2600000000000000e+00 1.1775748950357900e+00
0.0000000000000000e+00 -1.2000000000000000e+00 1.1201903947190901e+00
0.0000000000000000e+00 -1.1399999999999999e+00 1.0622022593666101e+00
0.0000000000000000e+00 -1.0800000000000001e+00 1.0038438633128199e+00
0.0000000000000000e+00 -1.0200000000000000e+00 9.4531780994105896e-01
0.0000000000000000e+00 -9.5999999999999996e-01 8.8679639930235898e-01
0.0000000000000000e+00 -9.0000000000000002e-01 8.2842268627818405e-01
0.0000000000000000e+00 -8.3999999999999997e-01 7.7031200677484502e-01
0.0000000000000000e+00 -7.8000000000000003e-01 7.1255378037317596e-01
0.0000000000000000e+00 -7.1999999999999997e-01 6.5521351389752802e-01
0.0000000000000000e+00 -6.6000000000000003e-01 5.9833492772024199e-01
0.0000000000000000e+00 -5.9999999999999998e-01 5.4194210644624596e-01
0.0000000000000000e+00 -5.4000000000000004e-01 4.8604162486339098e-01
0.0000000000000000e+00 -4.7999999999999998e-01 4.3062461804639102e-01
0.0000000000000000e+00 -4.1999999999999998e-01 3.7566875636629299e-01
0.0000000000000000e+00 -3.5999999999999999e-01 3.2114011561485201e-01
0.0000000000000000e+00 -2.9999999999999999e-01 2.6699493948694503e-01
0.0000000000000000e+00 -2.3999999999999999e-01 2.1318127930233399e-01
0.0000000000000000e+00 -1.7999999999999999e-01 1.5964053710581899e-01
0.0000000000000000e+00 -1.2000000000000000e-01 1.0630892029614900e-01
0.0000000000000000e+00 -5.9999999999999998e-02 5.3118801095428797e-02
0.0000000000000000e+00 0.0000000000000000e+00 0.0000000000000000e+00
0.0000000000000000e+00 5.9999999999999998e-02 5.3118801095428797e-02
0.0000000000000000e+00 1.2000000000000000e-01 1.0630892029614900e-01
0.0000000000000000e+00 1.7999999999999999e-01 1.5964053710581899e-01
0.0000000000000000e+00 2.3999999999999999e-01 2.1318127930233399e-01
0.0000000000000000e+00 2.9999999999999999e-01 2.6699493948694503e-01
0.0000000000000000e+00 3.5999999999999999e-01 3.2114011561485201e-01
0.0000000000000000e+00 4.1999999999999998e-01 3.7566875636629299e-01
0.0000000000000000e+00 4.7999999999999998e-01 4.3062461804639102e-01
0.0000000000000000e+00 5.4000000000000004e-01 4.8604162486339098e-01
0.0000000000000000e+00 5.9999999999999998e-01 5.4194210644624596e-01
0.0000000000000000e+00 6.6000000000000003e-01 5.9833492772024199e-01
0.0000000000000000e+00 7.1999999999999997e-01 6.5521351389752802e-01
0.0000000000000000e+00 7.8000000000000003e-01 7.1255378037317596e-01
0.0000000000000000e+00 8.3999999999999997e-01 7.7031200677484502e-01
0.0000000000000000e+00 9.0000000000000002e-01 8.2842268627818405e-01
0.0000000000000000e+00 9.5999999999999996e-01 8.8679639930235898e-01
0.0000000000000000e+00 1.0200000000000000e+00 9.4531780994105896e-01
0.0000000000000000e+00 1.0800000000000001e+00 1.0038438633128199e+00
0.0000000000000000e+00 1.1399999999999999e+00 1.0622022593666101e+00
0.0000000000000000e+00 1.2000000000000000e+00 1.1201903947190901e+00
0.0000000000000000e+00 1.2600000000000000e+00 1.1775748950357900e+00
0.0000000000000000e+00 1.3200000000000001e+00 1.2340918142203401e+00
0.0000000000000000e+00 1.3799999999999999e+00 1.2894477578583401e+00
0.0000000000000000e+00 1.4399999999999999e+00 1.3433220632002800e+00
0.0000000000000000e+00 1.5000000000000000e+00 1.3953700476253199e+00
0.0000000000000000e+00 1.5600000000000001e+00 1.4452275147703399e+00
0.0000000000000000e+00 1.6200000000000001e+00 1.4925165881567100e+00
0.0000000000000000e+00 1.6799999999999999e+00 1.5368527241154299e+00
0.0000000000000000e+00 1.7400000000000000e+00 1.5778527740964801e+00
0.0000000000000000e+00 1.8000000000000000e+00 1.6151440904844401e+00
0.0000000000000000e+00 1.8600000000000001e+00 1.6483742519685300e+00
0.0000000000000000e+00 1.9199999999999999e+00 1.6772208158716100e+00
0.0000000000000000e+00 1.9800000000000000e+00 1.7014010795119301e+00
0.0000000000000000e+00 2.0400000000000000e+00 1.7206812741029800e+00
0.0000000000000000e+00 2.1000000000000001e+00 1.7348841895496201e+00
0.0000000000000000e+00 2.1600000000000001e+00 1.7438953637122601e+00
0.0000000000000000e+00 2.2200000000000002e+00 1.7476677563291401e+00
0.0000000000000000e+00 2.2799999999999998e+00 1.7462235299771800e+00
0.0000000000000000e+00 2.3399999999999999e+00 1.7396534782754300e+00
0.0000000000000000e+00 2.3999999999999999e+00 1.7281146251201400e+00
0.0000000000000000e+00 2.4600000000000000e+00 1.7118252086983501e+00
0.0000000000000000e+00 2.5200000000000000e+00 1.6910581991638900e+00
0.0000000000000000e+00 2.5800000000000001e+00 1.6661327717027401e+00
0.0000000000000000e+00 2.6400000000000001e+00 1.6374051019928899e+00
0.0000000000000000e+00 2.7000000000000002e+00 1.6052587896057400e+00
0.0000000000000000e+00 2.7599999999999998e+00 1.5700949005272400e+00
0.0000000000000000e+00 2.8199999999999998e+00 1.5323224670594600e+00
0.0000000000000000e+00 2.8799999999999999e+00 1.4923498695676001e+00
0.0000000000000000e+00 2.9399999999999999e+00 1.4505770376250300e+00
0.0000000000000000e+00 3.0000000000000000e+00 1.4073888139793600e+00
0.0000000000000000e+00 3.0600000000000001e+00 1.3631496671334600e+00
0.0000000000000000e+00 3.1200000000000001e+00 1.3181996155797400e+00
0.0000000000000000e+00 3.1800000000000002e+00 1.2728513199701901e+00
0.0000000000000000e+00 3.2400000000000002e+00 1.2273883306177999e+00
0.0000000000000000e+00 3.2999999999999998e+00 1.1820643352501199e+00
0.0000000000000000e+00 3.3599999999999999e+00 1.1371031751286900e+00
0.0000000000000000e+00 3.4199999999999999e+00 1.0926995595549001e+00
0.0000000000000000e+00 3.4800000000000000e+00 1.0490203454189599e+00
0.0000000000000000e+00 3.5400000000000000e+00 1.0062061535665701e+00
0.0000000000000000e+00 3.6000000000000001e+00 9.6437325545977004e-01
0.0000000000000000e+00 3.6600000000000001e+00 9.2361565147057900e-01
0.0000000000000000e+00 3.7200000000000002e+00 8.8400718996877103e-01
0.0000000000000000e+00 3.7799999999999998e+00 8.4560368179398304e-01
0.0000000000000000e+00 3.8399999999999999e+00 8.0844498122263897e-01
0.0000000000000000e+00 3.8999999999999999e+00 7.7255696617159297e-01
0.0000000000000000e+00 3.9600000000000000e+00 7.3795338409275901e-01
0.0000000000000000e+00 4.0199999999999996e+00 7.0463756906475405e-01
0.0000000000000000e+00 4.0800000000000001e+00 6.7260401954665905e-01
0.0000000000000000e+00 4.1399999999999997e+00 6.4183980837747900e-01
0.0000000000000000e+00 4.2000000000000002e+00 6.1232584906792598e-01
0.0000000000000000e+00 4.2599999999999998e+00 5.8403803163206602e-01
0.0000000000000000e+00 4.3200000000000003e+00 5.5694820933923594e-01
0.0000000000000000e+00 4.3799999999999999e+00 5.3102506082301004e-01
0.0000000000000000e+00 4.4400000000000004e+00 5.0623484790581796e-01
0.0000000000000000e+00 4.5000000000000000e+00 4.8254206093709101e-01
0.0000000000000000e+00 4.5599999999999996e+00 4.5990996791621203e-01
0.0000000000000000e+00 4.6200000000000001e+00 4.3830108636475401e-01
0.0000000000000000e+00 4.6799999999999997e+00 4.1767758032231400e-01
0.0000000000000000e+00 4.7400000000000002e+00 3.9800158679142500e-01
0.0000000000000000e+00 4.7999999999999998e+00 3.7923548839286497e-01
0.0000000000000000e+00 4.8600000000000003e+00 3.6134214050171398e-01
0.0000000000000000e+00 4.9199999999999999e+00 3.4428504886943700e-01
0.0000000000000000e+00 4.9800000000000004e+00 3.2802851177106401e-01
0.0000000000000000e+00 5.0400000000000000e+00 3.1253773582634198e-01
0.0000000000000000e+00 5.0999999999999996e+00 2.9777891949563601e-01
0.0000000000000000e+00 5.1600000000000001e+00 2.8371931370994302e-01
0.0000000000000000e+00 5.2199999999999998e+00 2.7032726774692500e-01
0.0000000000000000e+00 5.2800000000000002e+00 2.5757225613502899e-01
0.0000000000000000e+00 5.3399999999999999e+00 2.4542489088104599e-01
0.0000000000000000e+00 5.4000000000000004e+00 2.3385692520671600e-01
0.0000000000000000e+00 5.4600000000000000e+00 2.2284124851435599e-01
0.0000000000000000e+00 5.5199999999999996e+00 2.1235187132657299e-01
0.0000000000000000e+00 5.5800000000000001e+00 2.0236390563765400e-01
0.0000000000000000e+00 5.6399999999999997e+00 1.9285354275890401e-01
0.0000000000000000e+00 5.7000000000000002e+00 1.8379802445494900e-01
0.0000000000000000e+00 5.7599999999999998e+00 1.7517561184942099e-01
0.0000000000000000e+00 5.8200000000000003e+00 1.6696555489752599e-01
0.0000000000000000e+00 5.8799999999999999e+00 1.5914805804638099e-01
0.0000000000000000e+00 5.9400000000000004e+00 1.5170424485822301e-01
0.0000000000000000e+00 6.0000000000000000e+00 1.4461612427661599e-01
