0.0000000000000000e+00 0.0000000000000000e+00 6.5885723881994837e-14
1.0016694490818030e-02 0.0000000000000000e+00 8.4131081673217891e-03
2.0033388981636060e-02 0.0000000000000000e+00 1.6826216334577697e-02
3.0050083472454088e-02 0.0000000000000000e+00 2.5239324501833596e-02
4.0066777963272120e-02 0.0000000000000000e+00 3.3652432669090231e-02
5.0083472454090151e-02 0.0000000000000000e+00 4.2065540836346130e-02
6.0100166944908176e-02 0.0000000000000000e+00 5.0483743245306439e-02
7.0116861435726208e-02 0.0000000000000000e+00 5.9406275582803328e-02
8.0133555926544239e-02 0.0000000000000000e+00 6.8328807920300202e-02
9.0150250417362271e-02 0.0000000000000000e+00 7.7251340257797854e-02
1.0016694490818030e-01 0.0000000000000000e+00 8.6173872595294757e-02
1.1018363939899833e-01 0.0000000000000000e+00 9.5096404932792394e-02
1.2020033388981635e-01 0.0000000000000000e+00 1.0401941214434603e-01
1.3021702838063440e-01 0.0000000000000000e+00 1.1296568818467571e-01
1.4023372287145242e-01 0.0000000000000000e+00 1.2191196422500616e-01
1.5025041736227046e-01 0.0000000000000000e+00 1.3085824026533582e-01
1.6026711185308848e-01 0.0000000000000000e+00 1.3980451630566545e-01
1.7028380634390650e-01 0.0000000000000000e+00 1.4875079234599514e-01
1.8030050083472454e-01 0.0000000000000000e+00 1.5769811901762706e-01
1.9031719532554256e-01 0.0000000000000000e+00 1.6667941610133449e-01
2.0033388981636061e-01 0.0000000000000000e+00 1.7566071318504192e-01
2.1035058430717862e-01 0.0000000000000000e+00 1.8464201026874938e-01
2.2036727879799667e-01 0.0000000000000000e+00 1.9362330735245684e-01
2.3038397328881469e-01 0.0000000000000000e+00 2.0260460443616499e-01
2.4040066777963270e-01 0.0000000000000000e+00 2.1158772783765442e-01
2.5041736227045075e-01 0.0000000000000000e+00 2.2061468286590674e-01
2.6043405676126880e-01 0.0000000000000000e+00 2.2964163789415901e-01
2.7045075125208679e-01 0.0000000000000000e+00 2.3866859292241133e-01
2.8046744574290483e-01 0.0000000000000000e+00 2.4769554795066442e-01
2.9048414023372288e-01 0.0000000000000000e+00 2.5672250297891669e-01
3.0050083472454092e-01 0.0000000000000000e+00 2.6575222938063198e-01
3.1051752921535891e-01 0.0000000000000000e+00 2.7483461187813835e-01
3.2053422370617696e-01 0.0000000000000000e+00 2.8391699437564483e-01
3.3055091819699500e-01 0.0000000000000000e+00 2.9299937687315203e-01
3.4056761268781299e-01 0.0000000000000000e+00 3.0208175937065923e-01
3.5058430717863104e-01 0.0000000000000000e+00 3.1116414186816554e-01
3.6060100166944908e-01 0.0000000000000000e+00 3.2025036957336278e-01
3.7061769616026713e-01 0.0000000000000000e+00 3.2939683886571058e-01
3.8063439065108512e-01 0.0000000000000000e+00 3.3854330815805905e-01
3.9065108514190316e-01 0.0000000000000000e+00 3.4768977745040691e-01
4.0066777963272121e-01 0.0000000000000000e+00 3.5683624674275471e-01
4.1068447412353920e-01 0.0000000000000000e+00 3.6598271603510252e-01
4.2070116861435725e-01 0.0000000000000000e+00 3.7513418181051894e-01
4.3071786310517529e-01 0.0000000000000000e+00 3.8435202943241570e-01
4.4073455759599334e-01 0.0000000000000000e+00 3.9356987705431173e-01
4.5075125208681133e-01 0.0000000000000000e+00 4.0278772467620777e-01
4.6076794657762937e-01 0.0000000000000000e+00 4.1200557229810369e-01
4.7078464106844742e-01 0.0000000000000000e+00 4.2122341991999962e-01
4.8080133555926541e-01 0.0000000000000000e+00 4.3044742981003842e-01
4.9081803005008345e-01 0.0000000000000000e+00 4.3974230578370460e-01
5.0083472454090150e-01 0.0000000000000000e+00 4.4903718175737062e-01
5.1085141903171949e-01 0.0000000000000000e+00 4.5833205773103669e-01
5.2086811352253759e-01 0.0000000000000000e+00 4.6762693370470271e-01
5.3088480801335558e-01 0.0000000000000000e+00 4.7692180967836972e-01
5.4090150250417357e-01 0.0000000000000000e+00 4.8622395249019235e-01
5.5091819699499167e-01 0.0000000000000000e+00 4.9559957111004094e-01
5.6093489148580966e-01 0.0000000000000000e+00 5.0497518972988775e-01
5.7095158597662765e-01 0.0000000000000000e+00 5.1435080834973634e-01
5.8096828046744575e-01 0.0000000000000000e+00 5.2372642696958494e-01
5.9098497495826374e-01 0.0000000000000000e+00 5.3310204558943264e-01
6.0100166944908184e-01 0.0000000000000000e+00 5.4248588511204299e-01
6.1101836393989983e-01 0.0000000000000000e+00 5.5194371275951348e-01
6.2103505843071782e-01 0.0000000000000000e+00 5.6140154040698431e-01
6.3105175292153592e-01 0.0000000000000000e+00 5.7085936805445570e-01
6.4106844741235391e-01 0.0000000000000000e+00 5.8031719570192664e-01
6.5108514190317190e-01 0.0000000000000000e+00 5.8977502334939724e-01
6.6110183639399001e-01 0.0000000000000000e+00 5.9923746946968104e-01
6.7111853088480800e-01 0.0000000000000000e+00 6.0873728323363374e-01
6.8113522537562599e-01 0.0000000000000000e+00 6.1823709699758755e-01
6.9115191986644409e-01 0.0000000000000000e+00 6.2773691076154026e-01
7.0116861435726208e-01 0.0000000000000000e+00 6.3723672452549307e-01
7.1118530884808018e-01 0.0000000000000000e+00 6.4673653828944588e-01
7.2120200333889817e-01 0.0000000000000000e+00 6.5623989546549044e-01
7.3121869782971616e-01 0.0000000000000000e+00 6.6576923766354101e-01
7.4123539232053426e-01 0.0000000000000000e+00 6.7529857986159081e-01
7.5125208681135225e-01 0.0000000000000000e+00 6.8482792205964049e-01
7.6126878130217024e-01 0.0000000000000000e+00 6.9435726425769040e-01
7.7128547579298834e-01 0.0000000000000000e+00 7.0388660645574008e-01
7.8130217028380633e-01 0.0000000000000000e+00 7.1342502286722265e-01
7.9131886477462432e-01 0.0000000000000000e+00 7.2302416670704706e-01
8.0133555926544242e-01 0.0000000000000000e+00 7.3262331054687313e-01
8.1135225375626041e-01 0.0000000000000000e+00 7.4222245438669809e-01
8.2136894824707840e-01 0.0000000000000000e+00 7.5182159822652439e-01
8.3138564273789650e-01 0.0000000000000000e+00 7.6142074206634958e-01
8.4140233722871449e-01 0.0000000000000000e+00 7.7102812898714945e-01
8.5141903171953259e-01 0.0000000000000000e+00 7.8068615197679159e-01
8.6143572621035058e-01 0.0000000000000000e+00 7.9034417496643383e-01
8.7145242070116857e-01 0.0000000000000000e+00 8.0000219795607685e-01
8.8146911519198667e-01 0.0000000000000000e+00 8.0966022094571910e-01
8.9148580968280466e-01 0.0000000000000000e+00 8.1931824393536112e-01
9.0150250417362265e-01 0.0000000000000000e+00 8.2898286159677170e-01
9.1151919866444076e-01 0.0000000000000000e+00 8.3868484906486829e-01
9.2153589315525875e-01 0.0000000000000000e+00 8.4838683653296554e-01
9.3155258764607674e-01 0.0000000000000000e+00 8.5808882400106223e-01
9.4156928213689484e-01 0.0000000000000000e+00 8.6779081146915882e-01
9.5158597662771283e-01 0.0000000000000000e+00 8.7749279893725529e-01
9.6160267111853082e-01 0.0000000000000000e+00 8.8719874210441418e-01
9.7161936560934892e-01 0.0000000000000000e+00 8.9692545269165092e-01
9.8163606010016691e-01 0.0000000000000000e+00 9.0665216327888654e-01
9.9165275459098501e-01 0.0000000000000000e+00 9.1637887386612338e-01
1.0016694490818030e+00 0.0000000000000000e+00 9.2610558445335811e-01
1.0116861435726210e+00 0.0000000000000000e+00 9.3583229504059484e-01
1.0217028380634390e+00 0.0000000000000000e+00 9.4555915082587205e-01
1.0317195325542572e+00 0.0000000000000000e+00 9.5528671551923550e-01
1.0417362270450752e+00 0.0000000000000000e+00 9.6501428021259827e-01
1.0517529215358932e+00 0.0000000000000000e+00 9.7474184490596094e-01
1.0617696160267112e+00 0.0000000000000000e+00 9.8446940959932350e-01
1.0717863105175292e+00 0.0000000000000000e+00 9.9419697429268705e-01
1.0818030050083471e+00 0.0000000000000000e+00 1.0039195174588968e+00
1.0918196994991654e+00 0.0000000000000000e+00 1.0136191847791889e+00
1.1018363939899833e+00 0.0000000000000000e+00 1.0233188520994811e+00
1.1118530884808013e+00 0.0000000000000000e+00 1.0330185194197734e+00
1.1218697829716193e+00 0.0000000000000000e+00 1.0427181867400659e+00
1.1318864774624373e+00 0.0000000000000000e+00 1.0524178540603577e+00
1.1419031719532553e+00 0.0000000000000000e+00 1.0621057968616245e+00
1.1519198664440735e+00 0.0000000000000000e+00 1.0717437561870462e+00
1.1619365609348915e+00 0.0000000000000000e+00 1.0813817155124681e+00
1.1719532554257095e+00 0.0000000000000000e+00 1.0910196748378906e+00
1.1819699499165275e+00 0.0000000000000000e+00 1.1006576341633125e+00
1.1919866444073455e+00 0.0000000000000000e+00 1.1102955934887344e+00
1.2020033388981637e+00 0.0000000000000000e+00 1.1199134216448126e+00
1.2120200333889817e+00 0.0000000000000000e+00 1.1294507251235133e+00
1.2220367278797997e+00 0.0000000000000000e+00 1.1389880286022163e+00
1.2320534223706177e+00 0.0000000000000000e+00 1.1485253320809168e+00
1.2420701168614356e+00 0.0000000000000000e+00 1.1580626355596193e+00
1.2520868113522536e+00 0.0000000000000000e+00 1.1675999390383198e+00
1.2621035058430718e+00 0.0000000000000000e+00 1.1771068539010516e+00
1.2721202003338898e+00 0.0000000000000000e+00 1.1864994496846601e+00
1.2821368948247078e+00 0.0000000000000000e+00 1.1958920454682673e+00
1.2921535893155258e+00 0.0000000000000000e+00 1.2052846412518752e+00
1.3021702838063438e+00 0.0000000000000000e+00 1.2146772370354824e+00
1.3121869782971620e+00 0.0000000000000000e+00 1.2240698328190902e+00
1.3222036727879800e+00 0.0000000000000000e+00 1.2334198198813775e+00
1.3322203672787980e+00 0.0000000000000000e+00 1.2426187396589836e+00
1.3422370617696160e+00 0.0000000000000000e+00 1.2518176594365897e+00
1.3522537562604340e+00 0.0000000000000000e+00 1.2610165792141963e+00
1.3622704507512520e+00 0.0000000000000000e+00 1.2702154989918024e+00
1.3722871452420702e+00 0.0000000000000000e+00 1.2794144187694094e+00
1.3823038397328882e+00 0.0000000000000000e+00 1.2885564832690537e+00
1.3923205342237062e+00 0.0000000000000000e+00 1.2975082061859613e+00
1.4023372287145242e+00 0.0000000000000000e+00 1.3064599291028691e+00
1.4123539232053421e+00 0.0000000000000000e+00 1.3154116520197767e+00
1.4223706176961604e+00 0.0000000000000000e+00 1.3243633749366848e+00
1.4323873121869783e+00 0.0000000000000000e+00 1.3333150978535935e+00
1.4424040066777963e+00 0.0000000000000000e+00 1.3421936860596217e+00
1.4524207011686143e+00 0.0000000000000000e+00 1.3508406810145426e+00
1.4624373956594323e+00 0.0000000000000000e+00 1.3594876759694623e+00
1.4724540901502503e+00 0.0000000000000000e+00 1.3681346709243831e+00
1.4824707846410685e+00 0.0000000000000000e+00 1.3767816658793028e+00
1.4924874791318865e+00 0.0000000000000000e+00 1.3854286608342230e+00
1.5025041736227045e+00 0.0000000000000000e+00 1.3939842765264474e+00
1.5125208681135225e+00 0.0000000000000000e+00 1.4022657544305919e+00
1.5225375626043405e+00 0.0000000000000000e+00 1.4105472323347357e+00
1.5325542570951585e+00 0.0000000000000000e+00 1.4188287102388792e+00
1.5425709515859767e+00 0.0000000000000000e+00 1.4271101881430230e+00
1.5525876460767947e+00 0.0000000000000000e+00 1.4353916660471671e+00
1.5626043405676127e+00 0.0000000000000000e+00 1.4435617104868692e+00
1.5726210350584306e+00 0.0000000000000000e+00 1.4514145981431650e+00
1.5826377295492486e+00 0.0000000000000000e+00 1.4592674857994610e+00
1.5926544240400669e+00 0.0000000000000000e+00 1.4671203734557567e+00
1.6026711185308848e+00 0.0000000000000000e+00 1.4749732611120530e+00
1.6126878130217028e+00 0.0000000000000000e+00 1.4828261487683494e+00
1.6227045075125208e+00 0.0000000000000000e+00 1.4905459866900084e+00
1.6327212020033388e+00 0.0000000000000000e+00 1.4979060975513625e+00
1.6427378964941568e+00 0.0000000000000000e+00 1.5052662084127162e+00
1.6527545909849750e+00 0.0000000000000000e+00 1.5126263192740705e+00
1.6627712854757930e+00 0.0000000000000000e+00 1.5199864301354262e+00
1.6727879799666110e+00 0.0000000000000000e+00 1.5273465409967795e+00
1.6828046744574290e+00 0.0000000000000000e+00 1.5345507672500291e+00
1.6928213689482470e+00 0.0000000000000000e+00 1.5413541473681618e+00
1.7028380634390652e+00 0.0000000000000000e+00 1.5481575274862953e+00
1.7128547579298832e+00 0.0000000000000000e+00 1.5549609076044286e+00
1.7228714524207012e+00 0.0000000000000000e+00 1.5617642877225608e+00
1.7328881469115192e+00 0.0000000000000000e+00 1.5685676678406943e+00
1.7429048414023371e+00 0.0000000000000000e+00 1.5751915576978086e+00
1.7529215358931551e+00 0.0000000000000000e+00 1.5813760058814033e+00
1.7629382303839733e+00 0.0000000000000000e+00 1.5875604540649995e+00
1.7729549248747913e+00 0.0000000000000000e+00 1.5937449022485939e+00
1.7829716193656093e+00 0.0000000000000000e+00 1.5999293504321896e+00
1.7929883138564273e+00 0.0000000000000000e+00 1.6061137986157852e+00
1.8030050083472453e+00 0.0000000000000000e+00 1.6120949197659724e+00
1.8130217028380635e+00 0.0000000000000000e+00 1.6176016111715543e+00
1.8230383973288815e+00 0.0000000000000000e+00 1.6231083025771353e+00
1.8330550918196995e+00 0.0000000000000000e+00 1.6286149939827170e+00
1.8430717863105175e+00 0.0000000000000000e+00 1.6341216853882989e+00
1.8530884808013355e+00 0.0000000000000000e+00 1.6396283767938800e+00
1.8631051752921535e+00 0.0000000000000000e+00 1.6449082792734009e+00
1.8731218697829717e+00 0.0000000000000000e+00 1.6496833934981527e+00
1.8831385642737897e+00 0.0000000000000000e+00 1.6544585077229039e+00
1.8931552587646077e+00 0.0000000000000000e+00 1.6592336219476556e+00
1.9031719532554257e+00 0.0000000000000000e+00 1.6640087361724065e+00
1.9131886477462436e+00 0.0000000000000000e+00 1.6687838503971584e+00
1.9232053422370616e+00 0.0000000000000000e+00 1.6733097602888138e+00
1.9332220367278798e+00 0.0000000000000000e+00 1.6773061109726541e+00
1.9432387312186978e+00 0.0000000000000000e+00 1.6813024616564924e+00
1.9532554257095158e+00 0.0000000000000000e+00 1.6852988123403325e+00
1.9632721202003338e+00 0.0000000000000000e+00 1.6892951630241710e+00
1.9732888146911518e+00 0.0000000000000000e+00 1.6932915137080105e+00
1.9833055091819700e+00 0.0000000000000000e+00 1.6970179966652148e+00
1.9933222036727880e+00 0.0000000000000000e+00 1.7001965663592646e+00
2.0033388981636060e+00 0.0000000000000000e+00 1.7033751360533138e+00
2.0133555926544240e+00 0.0000000000000000e+00 1.7065537057473645e+00
2.0233722871452420e+00 0.0000000000000000e+00 1.7097322754414142e+00
2.0333889816360600e+00 0.0000000000000000e+00 1.7129108451354647e+00
2.0434056761268780e+00 0.0000000000000000e+00 1.7158013135815628e+00
2.0534223706176959e+00 0.0000000000000000e+00 1.7181325266640035e+00
2.0634390651085144e+00 0.0000000000000000e+00 1.7204637397464440e+00
2.0734557595993324e+00 0.0000000000000000e+00 1.7227949528288846e+00
2.0834724540901504e+00 0.0000000000000000e+00 1.7251261659113255e+00
2.0934891485809684e+00 0.0000000000000000e+00 1.7274573789937662e+00
2.1035058430717863e+00 0.0000000000000000e+00 1.7293981768871003e+00
2.1135225375626043e+00 0.0000000000000000e+00 1.7306139180006819e+00
2.1235392320534223e+00 0.0000000000000000e+00 1.7318296591142632e+00
2.1335559265442403e+00 0.0000000000000000e+00 1.7330454002278448e+00
2.1435726210350583e+00 0.0000000000000000e+00 1.7342611413414266e+00
2.1535893155258763e+00 0.0000000000000000e+00 1.7354768824550080e+00
2.1636060100166943e+00 0.0000000000000000e+00 1.7364153222834735e+00
2.1736227045075123e+00 0.0000000000000000e+00 1.7368607820495212e+00
2.1836393989983307e+00 0.0000000000000000e+00 1.7373062418155689e+00
2.1936560934891487e+00 0.0000000000000000e+00 1.7377517015816168e+00
2.2036727879799667e+00 0.0000000000000000e+00 1.7381971613476648e+00
2.2136894824707847e+00 0.0000000000000000e+00 1.7386426211137127e+00
2.2237061769616027e+00 0.0000000000000000e+00 1.7387655455354503e+00
2.2337228714524207e+00 0.0000000000000000e+00 1.7383392881547248e+00
2.2437395659432386e+00 0.0000000000000000e+00 1.7379130307739998e+00
2.2537562604340566e+00 0.0000000000000000e+00 1.7374867733932744e+00
2.2637729549248746e+00 0.0000000000000000e+00 1.7370605160125496e+00
2.2737896494156926e+00 0.0000000000000000e+00 1.7366342586318246e+00
2.2838063439065106e+00 0.0000000000000000e+00 1.7358825264663198e+00
2.2938230383973290e+00 0.0000000000000000e+00 1.7345997564940800e+00
2.3038397328881470e+00 0.0000000000000000e+00 1.7333169865218405e+00
2.3138564273789650e+00 0.0000000000000000e+00 1.7320342165496014e+00
2.3238731218697830e+00 0.0000000000000000e+00 1.7307514465773617e+00
2.3338898163606010e+00 0.0000000000000000e+00 1.7294686766051222e+00
2.3439065108514190e+00 0.0000000000000000e+00 1.7278621091220896e+00
2.3539232053422370e+00 0.0000000000000000e+00 1.7257490891221874e+00
2.3639398998330550e+00 0.0000000000000000e+00 1.7236360691222856e+00
2.3739565943238730e+00 0.0000000000000000e+00 1.7215230491223834e+00
2.3839732888146909e+00 0.0000000000000000e+00 1.7194100291224812e+00
2.3939899833055089e+00 0.0000000000000000e+00 1.7172970091225790e+00
2.4040066777963274e+00 0.0000000000000000e+00 1.7148664823607047e+00
2.4140233722871454e+00 0.0000000000000000e+00 1.7119596954558851e+00
2.4240400667779634e+00 0.0000000000000000e+00 1.7090529085510642e+00
2.4340567612687813e+00 0.0000000000000000e+00 1.7061461216462439e+00
2.4440734557595993e+00 0.0000000000000000e+00 1.7032393347414230e+00
2.4540901502504173e+00 0.0000000000000000e+00 1.7003325478366029e+00
2.4641068447412353e+00 0.0000000000000000e+00 1.6971190212874363e+00
2.4741235392320533e+00 0.0000000000000000e+00 1.6934640889086094e+00
2.4841402337228713e+00 0.0000000000000000e+00 1.6898091565297826e+00
2.4941569282136893e+00 0.0000000000000000e+00 1.6861542241509562e+00
2.5041736227045073e+00 0.0000000000000000e+00 1.6824992917721300e+00
2.5141903171953257e+00 0.0000000000000000e+00 1.6788443593933031e+00
2.5242070116861437e+00 0.0000000000000000e+00 1.6748976070974340e+00
2.5342237061769617e+00 0.0000000000000000e+00 1.6705478653923271e+00
2.5442404006677797e+00 0.0000000000000000e+00 1.6661981236872196e+00
2.5542570951585977e+00 0.0000000000000000e+00 1.6618483819821130e+00
2.5642737896494157e+00 0.0000000000000000e+00 1.6574986402770056e+00
2.5742904841402336e+00 0.0000000000000000e+00 1.6531488985718987e+00
2.5843071786310516e+00 0.0000000000000000e+00 1.6485259799398082e+00
2.5943238731218696e+00 0.0000000000000000e+00 1.6435409430556789e+00
2.6043405676126876e+00 0.0000000000000000e+00 1.6385559061715489e+00
2.6143572621035056e+00 0.0000000000000000e+00 1.6335708692874196e+00
2.6243739565943240e+00 0.0000000000000000e+00 1.6285858324032885e+00
2.6343906510851420e+00 0.0000000000000000e+00 1.6236007955191594e+00
2.6444073455759600e+00 0.0000000000000000e+00 1.6183644298140969e+00
2.6544240400667780e+00 0.0000000000000000e+00 1.6128081910642191e+00
2.6644407345575960e+00 0.0000000000000000e+00 1.6072519523143420e+00
2.6744574290484140e+00 0.0000000000000000e+00 1.6016957135644652e+00
2.6844741235392320e+00 0.0000000000000000e+00 1.5961394748145870e+00
2.6944908180300500e+00 0.0000000000000000e+00 1.5905832360647090e+00
2.7045075125208680e+00 0.0000000000000000e+00 1.5848001110008796e+00
2.7145242070116860e+00 0.0000000000000000e+00 1.5787396804422269e+00
2.7245409015025039e+00 0.0000000000000000e+00 1.5726792498835720e+00
2.7345575959933224e+00 0.0000000000000000e+00 1.5666188193249182e+00
2.7445742904841404e+00 0.0000000000000000e+00 1.5605583887662651e+00
2.7545909849749584e+00 0.0000000000000000e+00 1.5544979582076115e+00
2.7646076794657763e+00 0.0000000000000000e+00 1.5482370361541462e+00
2.7746243739565943e+00 0.0000000000000000e+00 1.5417407545198196e+00
2.7846410684474123e+00 0.0000000000000000e+00 1.5352444728854935e+00
2.7946577629382303e+00 0.0000000000000000e+00 1.5287481912511669e+00
2.8046744574290483e+00 0.0000000000000000e+00 1.5222519096168408e+00
2.8146911519198663e+00 0.0000000000000000e+00 1.5157556279825133e+00
2.8247078464106843e+00 0.0000000000000000e+00 1.5090865656453047e+00
2.8347245409015023e+00 0.0000000000000000e+00 1.5022226654942106e+00
2.8447412353923207e+00 0.0000000000000000e+00 1.4953587653431177e+00
2.8547579298831387e+00 0.0000000000000000e+00 1.4884948651920236e+00
2.8647746243739567e+00 0.0000000000000000e+00 1.4816309650409296e+00
2.8747913188647747e+00 0.0000000000000000e+00 1.4747670648898372e+00
2.8848080133555927e+00 0.0000000000000000e+00 1.4677587825674479e+00
2.8948247078464107e+00 0.0000000000000000e+00 1.4605940862261577e+00
2.9048414023372287e+00 0.0000000000000000e+00 1.4534293898848678e+00
2.9148580968280466e+00 0.0000000000000000e+00 1.4462646935435768e+00
2.9248747913188646e+00 0.0000000000000000e+00 1.4390999972022878e+00
2.9348914858096826e+00 0.0000000000000000e+00 1.4319353008609974e+00
2.9449081803005006e+00 0.0000000000000000e+00 1.4246547234255214e+00
2.9549248747913190e+00 0.0000000000000000e+00 1.4172535350552844e+00
2.9649415692821370e+00 0.0000000000000000e+00 1.4098523466850468e+00
2.9749582637729550e+00 0.0000000000000000e+00 1.4024511583148096e+00
2.9849749582637730e+00 0.0000000000000000e+00 1.3950499699445718e+00
2.9949916527545910e+00 0.0000000000000000e+00 1.3876487815743346e+00
3.0050083472454090e+00 0.0000000000000000e+00 1.3801597987924665e+00
3.0150250417362270e+00 0.0000000000000000e+00 1.3725830215989701e+00
3.0250417362270450e+00 0.0000000000000000e+00 1.3650062444054734e+00
3.0350584307178630e+00 0.0000000000000000e+00 1.3574294672119789e+00
3.0450751252086810e+00 0.0000000000000000e+00 1.3498526900184824e+00
3.0550918196994989e+00 0.0000000000000000e+00 1.3422759128249875e+00
3.0651085141903169e+00 0.0000000000000000e+00 1.3346385644179297e+00
3.0751252086811354e+00 0.0000000000000000e+00 1.3269430201390209e+00
3.0851419031719534e+00 0.0000000000000000e+00 1.3192474758601134e+00
3.0951585976627713e+00 0.0000000000000000e+00 1.3115519315812056e+00
3.1051752921535893e+00 0.0000000000000000e+00 1.3038563873022968e+00
3.1151919866444073e+00 0.0000000000000000e+00 1.2961608430233866e+00
3.1252086811352253e+00 0.0000000000000000e+00 1.2884307123235763e+00
3.1352253756260433e+00 0.0000000000000000e+00 1.2806686556967797e+00
3.1452420701168613e+00 0.0000000000000000e+00 1.2729065990699815e+00
3.1552587646076793e+00 0.0000000000000000e+00 1.2651445424431835e+00
3.1652754590984973e+00 0.0000000000000000e+00 1.2573824858163871e+00
3.1752921535893153e+00 0.0000000000000000e+00 1.2496204291895905e+00
3.1853088480801337e+00 0.0000000000000000e+00 1.2418482404111109e+00
3.1953255425709517e+00 0.0000000000000000e+00 1.2340670665169882e+00
3.2053422370617697e+00 0.0000000000000000e+00 1.2262858926228672e+00
3.2153589315525877e+00 0.0000000000000000e+00 1.2185047187287437e+00
3.2253756260434057e+00 0.0000000000000000e+00 1.2107235448346230e+00
3.2353923205342237e+00 0.0000000000000000e+00 1.2029423709405007e+00
3.2454090150250416e+00 0.0000000000000000e+00 1.1951737749888611e+00
3.2554257095158596e+00 0.0000000000000000e+00 1.1874158935808146e+00
3.2654424040066776e+00 0.0000000000000000e+00 1.1796580121727696e+00
3.2754590984974956e+00 0.0000000000000000e+00 1.1719001307647232e+00
3.2854757929883136e+00 0.0000000000000000e+00 1.1641422493566784e+00
3.2954924874791320e+00 0.0000000000000000e+00 1.1563843679486319e+00
3.3055091819699500e+00 0.0000000000000000e+00 1.1486598822747098e+00
3.3155258764607680e+00 0.0000000000000000e+00 1.1409627203832482e+00
3.3255425709515860e+00 0.0000000000000000e+00 1.1332655584917881e+00
3.3355592654424040e+00 0.0000000000000000e+00 1.1255683966003287e+00
3.3455759599332220e+00 0.0000000000000000e+00 1.1178712347088697e+00
3.3555926544240400e+00 0.0000000000000000e+00 1.1101740728174097e+00
3.3656093489148580e+00 0.0000000000000000e+00 1.1025291494174472e+00
3.3756260434056760e+00 0.0000000000000000e+00 1.0949252705465184e+00
3.3856427378964939e+00 0.0000000000000000e+00 1.0873213916755897e+00
3.3956594323873119e+00 0.0000000000000000e+00 1.0797175128046606e+00
3.4056761268781304e+00 0.0000000000000000e+00 1.0721136339337298e+00
3.4156928213689484e+00 0.0000000000000000e+00 1.0645097550628013e+00
3.4257095158597664e+00 0.0000000000000000e+00 1.0569749582114536e+00
3.4357262103505843e+00 0.0000000000000000e+00 1.0494922758661063e+00
3.4457429048414023e+00 0.0000000000000000e+00 1.0420095935207578e+00
3.4557595993322203e+00 0.0000000000000000e+00 1.0345269111754105e+00
3.4657762938230383e+00 0.0000000000000000e+00 1.0270442288300616e+00
3.4757929883138563e+00 0.0000000000000000e+00 1.0195615464847145e+00
3.4858096828046743e+00 0.0000000000000000e+00 1.0121628074175459e+00
3.4958263772954923e+00 0.0000000000000000e+00 1.0048248548621621e+00
3.5058430717863103e+00 0.0000000000000000e+00 9.9748690230677561e-01
3.5158597662771287e+00 0.0000000000000000e+00 9.9014894975139223e-01
3.5258764607679467e+00 0.0000000000000000e+00 9.8281099719600729e-01
3.5358931552587647e+00 0.0000000000000000e+00 9.7547304464062246e-01
3.5459098497495827e+00 0.0000000000000000e+00 9.6823196872645512e-01
3.5559265442404007e+00 0.0000000000000000e+00 9.6105821386804602e-01
3.5659432387312187e+00 0.0000000000000000e+00 9.5388445900963603e-01
3.5759599332220366e+00 0.0000000000000000e+00 9.4671070415122593e-01
3.5859766277128546e+00 0.0000000000000000e+00 9.3953694929281717e-01
3.5959933222036726e+00 0.0000000000000000e+00 9.3236319443440818e-01
3.6060100166944906e+00 0.0000000000000000e+00 9.2529740784987946e-01
3.6160267111853086e+00 0.0000000000000000e+00 9.1830360011460466e-01
3.6260434056761270e+00 0.0000000000000000e+00 9.1130979237933107e-01
3.6360601001669450e+00 0.0000000000000000e+00 9.0431598464405627e-01
3.6460767946577630e+00 0.0000000000000000e+00 8.9732217690878269e-01
3.6560934891485810e+00 0.0000000000000000e+00 8.9032836917350799e-01
3.6661101836393990e+00 0.0000000000000000e+00 8.8345188380982864e-01
3.6761268781302170e+00 0.0000000000000000e+00 8.7665040783126347e-01
3.6861435726210350e+00 0.0000000000000000e+00 8.6984893185269951e-01
3.6961602671118530e+00 0.0000000000000000e+00 8.6304745587413434e-01
3.7061769616026710e+00 0.0000000000000000e+00 8.5624597989556916e-01
3.7161936560934890e+00 0.0000000000000000e+00 8.4944450391700421e-01
3.7262103505843069e+00 0.0000000000000000e+00 8.4276808473899956e-01
3.7362270450751254e+00 0.0000000000000000e+00 8.3616831327746355e-01
3.7462437395659434e+00 0.0000000000000000e+00 8.2956854181592754e-01
3.7562604340567614e+00 0.0000000000000000e+00 8.2296877035439286e-01
3.7662771285475793e+00 0.0000000000000000e+00 8.1636899889285786e-01
3.7762938230383973e+00 0.0000000000000000e+00 8.0976922743132196e-01
3.7863105175292153e+00 0.0000000000000000e+00 8.0330075599080997e-01
3.7963272120200333e+00 0.0000000000000000e+00 7.9690939726105747e-01
3.8063439065108513e+00 0.0000000000000000e+00 7.9051803853130365e-01
3.8163606010016693e+00 0.0000000000000000e+00 7.8412667980155004e-01
3.8263772954924873e+00 0.0000000000000000e+00 7.7773532107179633e-01
3.8363939899833053e+00 0.0000000000000000e+00 7.7134396234204350e-01
3.8464106844741233e+00 0.0000000000000000e+00 7.6508878723395957e-01
3.8564273789649417e+00 0.0000000000000000e+00 7.5891021541306125e-01
3.8664440734557597e+00 0.0000000000000000e+00 7.5273164359216294e-01
3.8764607679465777e+00 0.0000000000000000e+00 7.4655307177126573e-01
3.8864774624373957e+00 0.0000000000000000e+00 7.4037449995036719e-01
3.8964941569282137e+00 0.0000000000000000e+00 7.3419592812947010e-01
3.9065108514190316e+00 0.0000000000000000e+00 7.2815719414714719e-01
3.9165275459098496e+00 0.0000000000000000e+00 7.2219375746251924e-01
3.9265442404006676e+00 0.0000000000000000e+00 7.1623032077789062e-01
3.9365609348914856e+00 0.0000000000000000e+00 7.1026688409326266e-01
3.9465776293823036e+00 0.0000000000000000e+00 7.0430344740863382e-01
3.9565943238731216e+00 0.0000000000000000e+00 6.9834001072400598e-01
3.9666110183639400e+00 0.0000000000000000e+00 6.9251896508043176e-01
3.9766277128547580e+00 0.0000000000000000e+00 6.8677127239739988e-01
3.9866444073455760e+00 0.0000000000000000e+00 6.8102357971436700e-01
3.9966611018363940e+00 0.0000000000000000e+00 6.7527588703133301e-01
4.0066777963272120e+00 0.0000000000000000e+00 6.6952819434830102e-01
4.0166944908180300e+00 0.0000000000000000e+00 6.6378050166526903e-01
4.0267111853088480e+00 0.0000000000000000e+00 6.5817677646062078e-01
4.0367278797996660e+00 0.0000000000000000e+00 6.5264396061099539e-01
4.0467445742904840e+00 0.0000000000000000e+00 6.4711114476137110e-01
4.0567612687813019e+00 0.0000000000000000e+00 6.4157832891174671e-01
4.0667779632721199e+00 0.0000000000000000e+00 6.3604551306212143e-01
4.0767946577629379e+00 0.0000000000000000e+00 6.3051269721249614e-01
4.0868113522537559e+00 0.0000000000000000e+00 6.2512456425396445e-01
4.0968280467445739e+00 0.0000000000000000e+00 6.1980451736182718e-01
4.1068447412353919e+00 0.0000000000000000e+00 6.1448447046968790e-01
4.1168614357262099e+00 0.0000000000000000e+00 6.0916442357754974e-01
4.1268781302170288e+00 0.0000000000000000e+00 6.0384437668541158e-01
4.1368948247078468e+00 0.0000000000000000e+00 5.9852432979327408e-01
4.1469115191986647e+00 0.0000000000000000e+00 5.9334892878204226e-01
4.1569282136894827e+00 0.0000000000000000e+00 5.8823851360135904e-01
4.1669449081803007e+00 0.0000000000000000e+00 5.8312809842067592e-01
4.1769616026711187e+00 0.0000000000000000e+00 5.7801768323999370e-01
4.1869782971619367e+00 0.0000000000000000e+00 5.7290726805931147e-01
4.1969949916527547e+00 0.0000000000000000e+00 5.6779685287862725e-01
4.2070116861435727e+00 0.0000000000000000e+00 5.6268664738348795e-01
4.2170283806343907e+00 0.0000000000000000e+00 5.5757653175358246e-01
4.2270450751252087e+00 0.0000000000000000e+00 5.5246641612367697e-01
4.2370617696160267e+00 0.0000000000000000e+00 5.4735630049377049e-01
4.2470784641068446e+00 0.0000000000000000e+00 5.4224618486386400e-01
4.2570951585976626e+00 0.0000000000000000e+00 5.3713606923395862e-01
4.2671118530884806e+00 0.0000000000000000e+00 5.3249313071514626e-01
4.2771285475792986e+00 0.0000000000000000e+00 5.2804101101635070e-01
4.2871452420701166e+00 0.0000000000000000e+00 5.2358889131755537e-01
4.2971619365609346e+00 0.0000000000000000e+00 5.1913677161876004e-01
4.3071786310517526e+00 0.0000000000000000e+00 5.1468465191996560e-01
4.3171953255425706e+00 0.0000000000000000e+00 5.1023253222117004e-01
4.3272120200333886e+00 0.0000000000000000e+00 5.0592126494211165e-01
4.3372287145242066e+00 0.0000000000000000e+00 5.0166477360406081e-01
4.3472454090150245e+00 0.0000000000000000e+00 4.9740828226600986e-01
4.3572621035058434e+00 0.0000000000000000e+00 4.9315179092795819e-01
4.3672787979966614e+00 0.0000000000000000e+00 4.8889529958990657e-01
4.3772954924874794e+00 0.0000000000000000e+00 4.8463880825185501e-01
4.3873121869782974e+00 0.0000000000000000e+00 4.8052099781823265e-01
4.3973288814691154e+00 0.0000000000000000e+00 4.7645448032186227e-01
4.4073455759599334e+00 0.0000000000000000e+00 4.7238796282549161e-01
4.4173622704507514e+00 0.0000000000000000e+00 4.6832144532912112e-01
4.4273789649415694e+00 0.0000000000000000e+00 4.6425492783275124e-01
4.4373956594323873e+00 0.0000000000000000e+00 4.6018841033638147e-01
4.4474123539232053e+00 0.0000000000000000e+00 4.5625806952098319e-01
4.4574290484140233e+00 0.0000000000000000e+00 4.5237557456646527e-01
4.4674457429048413e+00 0.0000000000000000e+00 4.4849307961194795e-01
4.4774624373956593e+00 0.0000000000000000e+00 4.4461058465743092e-01
4.4874791318864773e+00 0.0000000000000000e+00 4.4072808970291305e-01
4.4974958263772953e+00 0.0000000000000000e+00 4.3684559474839452e-01
4.5075125208681133e+00 0.0000000000000000e+00 4.3309649941356376e-01
4.5175292153589313e+00 0.0000000000000000e+00 4.2939187061862694e-01
4.5275459098497493e+00 0.0000000000000000e+00 4.2568724182368961e-01
4.5375626043405672e+00 0.0000000000000000e+00 4.2198261302875217e-01
4.5475792988313852e+00 0.0000000000000000e+00 4.1827798423381535e-01
4.5575959933222032e+00 0.0000000000000000e+00 4.1457335543887852e-01
4.5676126878130212e+00 0.0000000000000000e+00 4.1099913010350375e-01
4.5776293823038401e+00 0.0000000000000000e+00 4.0746608480798929e-01
4.5876460767946581e+00 0.0000000000000000e+00 4.0393303951247439e-01
4.5976627712854761e+00 0.0000000000000000e+00 4.0039999421696060e-01
4.6076794657762941e+00 0.0000000000000000e+00 3.9686694892144680e-01
4.6176961602671120e+00 0.0000000000000000e+00 3.9333390362593246e-01
4.6277128547579300e+00 0.0000000000000000e+00 3.8992809379917254e-01
4.6377295492487480e+00 0.0000000000000000e+00 3.8656028937216946e-01
4.6477462437395660e+00 0.0000000000000000e+00 3.8319248494516639e-01
4.6577629382303840e+00 0.0000000000000000e+00 3.7982468051816276e-01
4.6677796327212020e+00 0.0000000000000000e+00 3.7645687609115919e-01
4.6777963272120200e+00 0.0000000000000000e+00 3.7308907166415617e-01
4.6878130217028380e+00 0.0000000000000000e+00 3.6984520362006734e-01
4.6978297161936560e+00 0.0000000000000000e+00 3.6663629199166980e-01
4.7078464106844740e+00 0.0000000000000000e+00 3.6342738036327282e-01
4.7178631051752919e+00 0.0000000000000000e+00 3.6021846873487634e-01
4.7278797996661099e+00 0.0000000000000000e+00 3.5700955710647986e-01
4.7378964941569279e+00 0.0000000000000000e+00 3.5380064547808288e-01
4.7479131886477459e+00 0.0000000000000000e+00 3.5071227587664755e-01
4.7579298831385639e+00 0.0000000000000000e+00 3.4765594909250497e-01
4.7679465776293819e+00 0.0000000000000000e+00 3.4459962230836227e-01
4.7779632721201999e+00 0.0000000000000000e+00 3.4154329552421930e-01
4.7879799666110179e+00 0.0000000000000000e+00 3.3848696874007572e-01
4.7979966611018368e+00 0.0000000000000000e+00 3.3543064195593253e-01
4.8080133555926547e+00 0.0000000000000000e+00 3.3249139914250059e-01
4.8180300500834727e+00 0.0000000000000000e+00 3.2958142732174489e-01
4.8280467445742907e+00 0.0000000000000000e+00 3.2667145550098875e-01
4.8380634390651087e+00 0.0000000000000000e+00 3.2376148368023272e-01
4.8480801335559267e+00 0.0000000000000000e+00 3.2085151185947708e-01
4.8580968280467447e+00 0.0000000000000000e+00 3.1794154003872144e-01
4.8681135225375627e+00 0.0000000000000000e+00 3.1514515682673994e-01
4.8781302170283807e+00 0.0000000000000000e+00 3.1237541785632161e-01
4.8881469115191987e+00 0.0000000000000000e+00 3.0960567888590329e-01
4.8981636060100167e+00 0.0000000000000000e+00 3.0683593991548552e-01
4.9081803005008346e+00 0.0000000000000000e+00 3.0406620094506726e-01
4.9181969949916526e+00 0.0000000000000000e+00 3.0129646197464899e-01
4.9282136894824706e+00 0.0000000000000000e+00 2.9863680167340623e-01
4.9382303839732886e+00 0.0000000000000000e+00 2.9600130498246890e-01
4.9482470784641066e+00 0.0000000000000000e+00 2.9336580829153114e-01
4.9582637729549246e+00 0.0000000000000000e+00 2.9073031160059348e-01
4.9682804674457426e+00 0.0000000000000000e+00 2.8809481490965616e-01
4.9782971619365606e+00 0.0000000000000000e+00 2.8545931821871889e-01
4.9883138564273786e+00 0.0000000000000000e+00 2.8293039571273143e-01
4.9983305509181966e+00 0.0000000000000000e+00 2.8042330165426327e-01
5.0083472454090145e+00 0.0000000000000000e+00 2.7791620759579555e-01
5.0183639398998334e+00 0.0000000000000000e+00 2.7540911353732755e-01
5.0283806343906514e+00 0.0000000000000000e+00 2.7290201947885984e-01
5.0383973288814694e+00 0.0000000000000000e+00 2.7039492542039167e-01
5.0484140233722874e+00 0.0000000000000000e+00 2.6799092279504305e-01
5.0584307178631054e+00 0.0000000000000000e+00 2.6560655663314525e-01
5.0684474123539234e+00 0.0000000000000000e+00 2.6322219047124729e-01
5.0784641068447414e+00 0.0000000000000000e+00 2.6083782430934904e-01
5.0884808013355594e+00 0.0000000000000000e+00 2.5845345814745035e-01
5.0984974958263773e+00 0.0000000000000000e+00 2.5606909198555239e-01
5.1085141903171953e+00 0.0000000000000000e+00 2.5378436983080621e-01
5.1185308848080133e+00 0.0000000000000000e+00 2.5151723191261482e-01
5.1285475792988313e+00 0.0000000000000000e+00 2.4925009399442333e-01
5.1385642737896493e+00 0.0000000000000000e+00 2.4698295607623230e-01
5.1485809682804673e+00 0.0000000000000000e+00 2.4471581815804128e-01
5.1585976627712853e+00 0.0000000000000000e+00 2.4244868023984983e-01
5.1686143572621033e+00 0.0000000000000000e+00 2.4027778611237799e-01
5.1786310517529213e+00 0.0000000000000000e+00 2.3812255957874362e-01
5.1886477462437393e+00 0.0000000000000000e+00 2.3596733304510892e-01
5.1986644407345572e+00 0.0000000000000000e+00 2.3381210651147427e-01
5.2086811352253752e+00 0.0000000000000000e+00 2.3165687997783949e-01
5.2186978297161932e+00 0.0000000000000000e+00 2.2950165344420503e-01
5.2287145242070112e+00 0.0000000000000000e+00 2.2743932713244419e-01
5.2387312186978292e+00 0.0000000000000000e+00 2.2539088246303110e-01
5.2487479131886481e+00 0.0000000000000000e+00 2.2334243779361790e-01
5.2587646076794661e+00 0.0000000000000000e+00 2.2129399312420459e-01
5.2687813021702841e+00 0.0000000000000000e+00 2.1924554845479177e-01
5.2787979966611021e+00 0.0000000000000000e+00 2.1719710378537893e-01
5.2888146911519200e+00 0.0000000000000000e+00 2.1523827988161467e-01
5.2988313856427380e+00 0.0000000000000000e+00 2.1329167699134757e-01
5.3088480801335560e+00 0.0000000000000000e+00 2.1134507410108075e-01
5.3188647746243740e+00 0.0000000000000000e+00 2.0939847121081401e-01
5.3288814691151920e+00 0.0000000000000000e+00 2.0745186832054691e-01
5.3388981636060100e+00 0.0000000000000000e+00 2.0550526543027980e-01
5.3489148580968280e+00 0.0000000000000000e+00 2.0364507425055337e-01
5.3589315525876460e+00 0.0000000000000000e+00 2.0179556316988168e-01
5.3689482470784640e+00 0.0000000000000000e+00 1.9994605208920974e-01
5.3789649415692820e+00 0.0000000000000000e+00 1.9809654100853741e-01
5.3889816360600999e+00 0.0000000000000000e+00 1.9624702992786569e-01
5.3989983305509179e+00 0.0000000000000000e+00 1.9439751884719403e-01
5.4090150250417359e+00 0.0000000000000000e+00 1.9263128582196981e-01
5.4190317195325539e+00 0.0000000000000000e+00 1.9087430591401683e-01
5.4290484140233719e+00 0.0000000000000000e+00 1.8911732600606407e-01
5.4390651085141899e+00 0.0000000000000000e+00 1.8736034609811131e-01
5.4490818030050079e+00 0.0000000000000000e+00 1.8560336619015835e-01
5.4590984974958259e+00 0.0000000000000000e+00 1.8384638628220534e-01
5.4691151919866448e+00 0.0000000000000000e+00 1.8216962961995264e-01
5.4791318864774627e+00 0.0000000000000000e+00 1.8050080712485633e-01
5.4891485809682807e+00 0.0000000000000000e+00 1.7883198462976041e-01
5.4991652754590987e+00 0.0000000000000000e+00 1.7716316213466418e-01
5.5091819699499167e+00 0.0000000000000000e+00 1.7549433963956790e-01
5.5191986644407347e+00 0.0000000000000000e+00 1.7382551714447195e-01
5.5292153589315527e+00 0.0000000000000000e+00 1.7223394457376512e-01
5.5392320534223707e+00 0.0000000000000000e+00 1.7064908938778686e-01
5.5492487479131887e+00 0.0000000000000000e+00 1.6906423420180855e-01
5.5592654424040067e+00 0.0000000000000000e+00 1.6747937901583054e-01
5.5692821368948247e+00 0.0000000000000000e+00 1.6589452382985256e-01
5.5792988313856426e+00 0.0000000000000000e+00 1.6430966864387400e-01
5.5893155258764606e+00 0.0000000000000000e+00 1.6279917367510632e-01
5.5993322203672786e+00 0.0000000000000000e+00 1.6129427571193478e-01
5.6093489148580966e+00 0.0000000000000000e+00 1.5978937774876320e-01
5.6193656093489146e+00 0.0000000000000000e+00 1.5828447978559140e-01
5.6293823038397326e+00 0.0000000000000000e+00 1.5677958182241955e-01
5.6393989983305506e+00 0.0000000000000000e+00 1.5527468385924803e-01
5.6494156928213686e+00 0.0000000000000000e+00 1.5384134094789459e-01
5.6594323873121866e+00 0.0000000000000000e+00 1.5241256538027342e-01
5.6694490818030046e+00 0.0000000000000000e+00 1.5098378981265226e-01
5.6794657762938225e+00 0.0000000000000000e+00 1.4955501424503115e-01
5.6894824707846414e+00 0.0000000000000000e+00 1.4812623867740993e-01
5.6994991652754594e+00 0.0000000000000000e+00 1.4669746310978904e-01
5.7095158597662774e+00 0.0000000000000000e+00 1.4533752235407846e-01
5.7195325542570954e+00 0.0000000000000000e+00 1.4398120448320478e-01
5.7295492487479134e+00 0.0000000000000000e+00 1.4262488661233125e-01
5.7395659432387314e+00 0.0000000000000000e+00 1.4126856874145777e-01
5.7495826377295494e+00 0.0000000000000000e+00 1.3991225087058407e-01
5.7595993322203674e+00 0.0000000000000000e+00 1.3855593299971036e-01
5.7696160267111853e+00 0.0000000000000000e+00 1.3726581489560721e-01
5.7796327212020033e+00 0.0000000000000000e+00 1.3597845511511872e-01
5.7896494156928213e+00 0.0000000000000000e+00 1.3469109533463025e-01
5.7996661101836393e+00 0.0000000000000000e+00 1.3340373555414176e-01
5.8096828046744573e+00 0.0000000000000000e+00 1.3211637577365348e-01
5.8196994991652753e+00 0.0000000000000000e+00 1.3082901599316527e-01
5.8297161936560933e+00 0.0000000000000000e+00 1.2960530557933272e-01
5.8397328881469113e+00 0.0000000000000000e+00 1.2838356370261267e-01
5.8497495826377293e+00 0.0000000000000000e+00 1.2716182182589289e-01
5.8597662771285473e+00 0.0000000000000000e+00 1.2594007994917311e-01
5.8697829716193652e+00 0.0000000000000000e+00 1.2471833807245286e-01
5.8797996661101832e+00 0.0000000000000000e+00 1.2349659619573286e-01
5.8898163606010012e+00 0.0000000000000000e+00 1.2233603698380510e-01
5.8998330550918192e+00 0.0000000000000000e+00 1.2117672639768902e-01
5.9098497495826381e+00 0.0000000000000000e+00 1.2001741581157263e-01
5.9198664440734561e+00 0.0000000000000000e+00 1.1885810522545630e-01
5.9298831385642741e+00 0.0000000000000000e+00 1.1769879463933999e-01
5.9398998330550921e+00 0.0000000000000000e+00 1.1653948405322383e-01
5.9499165275459100e+00 0.0000000000000000e+00 1.1543897221855874e-01
5.9599332220367280e+00 0.0000000000000000e+00 1.1433905431067529e-01
5.9699499165275460e+00 0.0000000000000000e+00 1.1323913640279168e-01
5.9799666110183640e+00 0.0000000000000000e+00 1.1213921849490843e-01
5.9899833055091820e+00 0.0000000000000000e+00 1.1103930058702519e-01
6.0000000000000000e+00 0.0000000000000000e+00 1.0993938267914175e-01
