0.0000000000000000e+00 0.0000000000000000e+00 3.5617240991742305e-15
1.0016694490818030e-02 0.0000000000000000e+00 4.5480520426813937e-04
2.0033388981636060e-02 0.0000000000000000e+00 9.0961040853271692e-04
3.0050083472454088e-02 0.0000000000000000e+00 1.3644156127972946e-03
4.0066777963272120e-02 0.0000000000000000e+00 1.8192208170619108e-03
5.0083472454090151e-02 0.0000000000000000e+00 2.2740260213264885e-03
6.0100166944908176e-02 0.0000000000000000e+00 2.7238560458321278e-03
7.0116861435726208e-02 0.0000000000000000e+00 2.6811432743975502e-03
8.0133555926544239e-02 0.0000000000000000e+00 2.6384305029629723e-03
9.0150250417362271e-02 0.0000000000000000e+00 2.5957177315283912e-03
1.0016694490818030e-01 0.0000000000000000e+00 2.5530049600938133e-03
1.1018363939899833e-01 0.0000000000000000e+00 2.5102921886592322e-03
1.2020033388981635e-01 0.0000000000000000e+00 2.4675769892746873e-03
1.3021702838063440e-01 0.0000000000000000e+00 2.4247428203417855e-03
1.4023372287145242e-01 0.0000000000000000e+00 2.3819086514088803e-03
1.5025041736227046e-01 0.0000000000000000e+00 2.3390744824759780e-03
1.6026711185308848e-01 0.0000000000000000e+00 2.2962403135430762e-03
1.7028380634390650e-01 0.0000000000000000e+00 2.2534061446101744e-03
1.8030050083472454e-01 0.0000000000000000e+00 2.2105687169310926e-03
1.9031719532554256e-01 0.0000000000000000e+00 2.1676259231256417e-03
2.0033388981636061e-01 0.0000000000000000e+00 2.1246831293201917e-03
2.1035058430717862e-01 0.0000000000000000e+00 2.0817403355147413e-03
2.2036727879799667e-01 0.0000000000000000e+00 2.0387975417092913e-03
2.3038397328881469e-01 0.0000000000000000e+00 1.9958547479038374e-03
2.4040066777963270e-01 0.0000000000000000e+00 1.9529081270551329e-03
2.5041736227045075e-01 0.0000000000000000e+00 1.9098696571683326e-03
2.6043405676126880e-01 0.0000000000000000e+00 1.8668311872815327e-03
2.7045075125208679e-01 0.0000000000000000e+00 1.8237927173947325e-03
2.8046744574290483e-01 0.0000000000000000e+00 1.7807542475079287e-03
2.9048414023372288e-01 0.0000000000000000e+00 1.7377157776211284e-03
3.0050083472454092e-01 0.0000000000000000e+00 1.6946731792073177e-03
3.1051752921535891e-01 0.0000000000000000e+00 1.6515521387803133e-03
3.2053422370617696e-01 0.0000000000000000e+00 1.6084310983533086e-03
3.3055091819699500e-01 0.0000000000000000e+00 1.5653100579263004e-03
3.4056761268781299e-01 0.0000000000000000e+00 1.5221890174992921e-03
3.5058430717863104e-01 0.0000000000000000e+00 1.4790679770722876e-03
3.6060100166944908e-01 0.0000000000000000e+00 1.4359427769367770e-03
3.7061769616026713e-01 0.0000000000000000e+00 1.3927524080346847e-03
3.8063439065108512e-01 0.0000000000000000e+00 1.3495620391325886e-03
3.9065108514190316e-01 0.0000000000000000e+00 1.3063716702304963e-03
4.0066777963272121e-01 0.0000000000000000e+00 1.2631813013284038e-03
4.1068447412353920e-01 0.0000000000000000e+00 1.2199909324263113e-03
4.2070116861435725e-01 0.0000000000000000e+00 1.1767966455653613e-03
4.3071786310517529e-01 0.0000000000000000e+00 1.1335503058224441e-03
4.4073455759599334e-01 0.0000000000000000e+00 1.0903039660795305e-03
4.5075125208681133e-01 0.0000000000000000e+00 1.0470576263366174e-03
4.6076794657762937e-01 0.0000000000000000e+00 1.0038112865937039e-03
4.7078464106844742e-01 0.0000000000000000e+00 9.6056494685079082e-04
4.8080133555926541e-01 0.0000000000000000e+00 9.1731520556929741e-04
4.9081803005008345e-01 0.0000000000000000e+00 8.7402634659418236e-04
5.0083472454090150e-01 0.0000000000000000e+00 8.3073748761906731e-04
5.1085141903171949e-01 0.0000000000000000e+00 7.8744862864395227e-04
5.2086811352253759e-01 0.0000000000000000e+00 7.4415976966883722e-04
5.3088480801335558e-01 0.0000000000000000e+00 7.0087091069371860e-04
5.4090150250417357e-01 0.0000000000000000e+00 6.5757944209764250e-04
5.5091819699499167e-01 0.0000000000000000e+00 6.1426158733406979e-04
5.6093489148580966e-01 0.0000000000000000e+00 5.7094373257050434e-04
5.7095158597662765e-01 0.0000000000000000e+00 5.2762587780693173e-04
5.8096828046744575e-01 0.0000000000000000e+00 4.8430802304335902e-04
5.9098497495826374e-01 0.0000000000000000e+00 4.4099016827979005e-04
6.0100166944908184e-01 0.0000000000000000e+00 3.9767077120702861e-04
6.1101836393989983e-01 0.0000000000000000e+00 3.5433749335153696e-04
6.2103505843071782e-01 0.0000000000000000e+00 3.1100421549604525e-04
6.3105175292153592e-01 0.0000000000000000e+00 2.6767093764054991e-04
6.4106844741235391e-01 0.0000000000000000e+00 2.2433765978505823e-04
6.5108514190317190e-01 0.0000000000000000e+00 1.8100438192956652e-04
6.6110183639399001e-01 0.0000000000000000e+00 1.4197318875067749e-04
6.7111853088480800e-01 0.0000000000000000e+00 1.3774977159003977e-04
6.8113522537562599e-01 0.0000000000000000e+00 1.3352635442940170e-04
6.9115191986644409e-01 0.0000000000000000e+00 1.2930293726876399e-04
7.0116861435726208e-01 0.0000000000000000e+00 1.2507952010812630e-04
7.1118530884808018e-01 0.0000000000000000e+00 1.2085610294748858e-04
7.2120200333889817e-01 0.0000000000000000e+00 1.2233829469766405e-04
7.3121869782971616e-01 0.0000000000000000e+00 1.6566161845876494e-04
7.4123539232053426e-01 0.0000000000000000e+00 2.0898494221986214e-04
7.5125208681135225e-01 0.0000000000000000e+00 2.5230826598095934e-04
7.6126878130217024e-01 0.0000000000000000e+00 2.9563158974205665e-04
7.7128547579298834e-01 0.0000000000000000e+00 3.3895491350315380e-04
7.8130217028380633e-01 0.0000000000000000e+00 3.8227494042488770e-04
7.9131886477462432e-01 0.0000000000000000e+00 4.2557290388313027e-04
8.0133555926544242e-01 0.0000000000000000e+00 4.6887086734138022e-04
8.1135225375626041e-01 0.0000000000000000e+00 5.1216883079962649e-04
8.2136894824707840e-01 0.0000000000000000e+00 5.5546679425787638e-04
8.3138564273789650e-01 0.0000000000000000e+00 5.9876475771612281e-04
8.4140233722871449e-01 0.0000000000000000e+00 6.4205727529745987e-04
8.5141903171953259e-01 0.0000000000000000e+00 6.8531633963492820e-04
8.6143572621035058e-01 0.0000000000000000e+00 7.2857540397239652e-04
8.7145242070116857e-01 0.0000000000000000e+00 7.7183446830986831e-04
8.8146911519198667e-01 0.0000000000000000e+00 8.1509353264733663e-04
8.9148580968280466e-01 0.0000000000000000e+00 8.5835259698480496e-04
9.0150250417362265e-01 0.0000000000000000e+00 9.0160380560176125e-04
9.1151919866444076e-01 0.0000000000000000e+00 9.4481049846915194e-04
9.2153589315525875e-01 0.0000000000000000e+00 9.8801719133654632e-04
9.3155258764607674e-01 0.0000000000000000e+00 1.0312238842039370e-03
9.4156928213689484e-01 0.0000000000000000e+00 1.0744305770713277e-03
9.5158597662771283e-01 0.0000000000000000e+00 1.1176372699387184e-03
9.6160267111853082e-01 0.0000000000000000e+00 1.1608334420950869e-03
9.7161936560934892e-01 0.0000000000000000e+00 1.2039743805185969e-03
9.8163606010016691e-01 0.0000000000000000e+00 1.2471153189421032e-03
9.9165275459098501e-01 0.0000000000000000e+00 1.2902562573656128e-03
1.0016694490818030e+00 0.0000000000000000e+00 1.3333971957891152e-03
1.0116861435726210e+00 0.0000000000000000e+00 1.3765381342126250e-03
1.0217028380634390e+00 0.0000000000000000e+00 1.4196656383041375e-03
1.0317195325542572e+00 0.0000000000000000e+00 1.4627275512453331e-03
1.0417362270450752e+00 0.0000000000000000e+00 1.5057894641865252e-03
1.0517529215358932e+00 0.0000000000000000e+00 1.5488513771277173e-03
1.0617696160267112e+00 0.0000000000000000e+00 1.5919132900689094e-03
1.0717863105175292e+00 0.0000000000000000e+00 1.6349752030101051e-03
1.0818030050083471e+00 0.0000000000000000e+00 1.6780205267042114e-03
1.0918196994991654e+00 0.0000000000000000e+00 1.7209902771615972e-03
1.1018363939899833e+00 0.0000000000000000e+00 1.7639600276189828e-03
1.1118530884808013e+00 0.0000000000000000e+00 1.8069297780763684e-03
1.1218697829716193e+00 0.0000000000000000e+00 1.8498995285337581e-03
1.1318864774624373e+00 0.0000000000000000e+00 1.8928692789911435e-03
1.1419031719532553e+00 0.0000000000000000e+00 1.9358190521051076e-03
1.1519198664440735e+00 0.0000000000000000e+00 1.9786836586497512e-03
1.1619365609348915e+00 0.0000000000000000e+00 2.0215482651943944e-03
1.1719532554257095e+00 0.0000000000000000e+00 2.0644128717390415e-03
1.1819699499165275e+00 0.0000000000000000e+00 2.1072774782836842e-03
1.1919866444073455e+00 0.0000000000000000e+00 2.1501420848283274e-03
1.2020033388981637e+00 0.0000000000000000e+00 2.1929831015925052e-03
1.2120200333889817e+00 0.0000000000000000e+00 2.2357297592347993e-03
1.2220367278797997e+00 0.0000000000000000e+00 2.2784764168771033e-03
1.2320534223706177e+00 0.0000000000000000e+00 2.3212230745193975e-03
1.2420701168614356e+00 0.0000000000000000e+00 2.3639697321616989e-03
1.2520868113522536e+00 0.0000000000000000e+00 2.4067163898039926e-03
1.2621035058430718e+00 0.0000000000000000e+00 2.4494356304024067e-03
1.2721202003338898e+00 0.0000000000000000e+00 2.4920517306928703e-03
1.2821368948247078e+00 0.0000000000000000e+00 2.5346678309833295e-03
1.2921535893155258e+00 0.0000000000000000e+00 2.5772839312737899e-03
1.3021702838063438e+00 0.0000000000000000e+00 2.6199000315642496e-03
1.3121869782971620e+00 0.0000000000000000e+00 2.6625161318547092e-03
1.3222036727879800e+00 0.0000000000000000e+00 2.7051007831414226e-03
1.3322203672787980e+00 0.0000000000000000e+00 2.7475739334148403e-03
1.3422370617696160e+00 0.0000000000000000e+00 2.7900470836882576e-03
1.3522537562604340e+00 0.0000000000000000e+00 2.8325202339616754e-03
1.3622704507512520e+00 0.0000000000000000e+00 2.8749933842350931e-03
1.3722871452420702e+00 0.0000000000000000e+00 2.9174665345085139e-03
1.3823038397328882e+00 0.0000000000000000e+00 2.9599040098054101e-03
1.3923205342237062e+00 0.0000000000000000e+00 3.0022220514852572e-03
1.4023372287145242e+00 0.0000000000000000e+00 3.0445400931651051e-03
1.4123539232053421e+00 0.0000000000000000e+00 3.0868581348449517e-03
1.4223706176961604e+00 0.0000000000000000e+00 3.1291761765248026e-03
1.4323873121869783e+00 0.0000000000000000e+00 3.1714942182046531e-03
1.4424040066777963e+00 0.0000000000000000e+00 3.2137721760944278e-03
1.4524207011686143e+00 0.0000000000000000e+00 3.2559232019823275e-03
1.4624373956594323e+00 0.0000000000000000e+00 3.2980742278702229e-03
1.4724540901502503e+00 0.0000000000000000e+00 3.3402252537581222e-03
1.4824707846410685e+00 0.0000000000000000e+00 3.3823762796460180e-03
1.4924874791318865e+00 0.0000000000000000e+00 3.4245273055339134e-03
1.5025041736227045e+00 0.0000000000000000e+00 3.4666336675707788e-03
1.5125208681135225e+00 0.0000000000000000e+00 3.5086060380545587e-03
1.5225375626043405e+00 0.0000000000000000e+00 3.5505784085383360e-03
1.5325542570951585e+00 0.0000000000000000e+00 3.5925507790221119e-03
1.5425709515859767e+00 0.0000000000000000e+00 3.6345231495058888e-03
1.5525876460767947e+00 0.0000000000000000e+00 3.6764955199896660e-03
1.5626043405676127e+00 0.0000000000000000e+00 3.7184184872596422e-03
1.5726210350584306e+00 0.0000000000000000e+00 3.7602008453826376e-03
1.5826377295492486e+00 0.0000000000000000e+00 3.8019832035056335e-03
1.5926544240400669e+00 0.0000000000000000e+00 3.8437655616286293e-03
1.6026711185308848e+00 0.0000000000000000e+00 3.8855479197516247e-03
1.6126878130217028e+00 0.0000000000000000e+00 3.9273302778746232e-03
1.6227045075125208e+00 0.0000000000000000e+00 3.9690583463471837e-03
1.6327212020033388e+00 0.0000000000000000e+00 4.0106396316907898e-03
1.6427378964941568e+00 0.0000000000000000e+00 4.0522209170343977e-03
1.6527545909849750e+00 0.0000000000000000e+00 4.0938022023780055e-03
1.6627712854757930e+00 0.0000000000000000e+00 4.1353834877216203e-03
1.6727879799666110e+00 0.0000000000000000e+00 4.1769647730652230e-03
1.6828046744574290e+00 0.0000000000000000e+00 4.2184867476881558e-03
1.6928213689482470e+00 0.0000000000000000e+00 4.2598562090293401e-03
1.7028380634390652e+00 0.0000000000000000e+00 4.3012256703705313e-03
1.7128547579298832e+00 0.0000000000000000e+00 4.3425951317117226e-03
1.7228714524207012e+00 0.0000000000000000e+00 4.3839645930529077e-03
1.7328881469115192e+00 0.0000000000000000e+00 4.4253340543940990e-03
1.7429048414023371e+00 0.0000000000000000e+00 4.4666390618937528e-03
1.7529215358931551e+00 0.0000000000000000e+00 4.5077862686089465e-03
1.7629382303839733e+00 0.0000000000000000e+00 4.5489334753241479e-03
1.7729549248747913e+00 0.0000000000000000e+00 4.5900806820393415e-03
1.7829716193656093e+00 0.0000000000000000e+00 4.6312278887545421e-03
1.7929883138564273e+00 0.0000000000000000e+00 4.6723750954697435e-03
1.8030050083472453e+00 0.0000000000000000e+00 4.7134525958293155e-03
1.8130217028380635e+00 0.0000000000000000e+00 4.7543674480257847e-03
1.8230383973288815e+00 0.0000000000000000e+00 4.7952823002222460e-03
1.8330550918196995e+00 0.0000000000000000e+00 4.8361971524187135e-03
1.8430717863105175e+00 0.0000000000000000e+00 4.8771120046151818e-03
1.8530884808013355e+00 0.0000000000000000e+00 4.9180268568116432e-03
1.8631051752921535e+00 0.0000000000000000e+00 4.9588666534104492e-03
1.8731218697829717e+00 0.0000000000000000e+00 4.9995393907757502e-03
1.8831385642737897e+00 0.0000000000000000e+00 5.0402121281410452e-03
1.8931552587646077e+00 0.0000000000000000e+00 5.0808848655063462e-03
1.9031719532554257e+00 0.0000000000000000e+00 5.1215576028716394e-03
1.9131886477462436e+00 0.0000000000000000e+00 5.1622303402369422e-03
1.9232053422370616e+00 0.0000000000000000e+00 5.2028225886435828e-03
1.9332220367278798e+00 0.0000000000000000e+00 5.2432437980130990e-03
1.9432387312186978e+00 0.0000000000000000e+00 5.2836650073826014e-03
1.9532554257095158e+00 0.0000000000000000e+00 5.3240862167521115e-03
1.9632721202003338e+00 0.0000000000000000e+00 5.3645074261216147e-03
1.9732888146911518e+00 0.0000000000000000e+00 5.4049286354911239e-03
1.9833055091819700e+00 0.0000000000000000e+00 5.4452638509136083e-03
1.9933222036727880e+00 0.0000000000000000e+00 5.4854244725648597e-03
2.0033388981636060e+00 0.0000000000000000e+00 5.5255850942161110e-03
2.0133555926544240e+00 0.0000000000000000e+00 5.5657457158673684e-03
2.0233722871452420e+00 0.0000000000000000e+00 5.6059063375186267e-03
2.0333889816360600e+00 0.0000000000000000e+00 5.6460669591698841e-03
2.0434056761268780e+00 0.0000000000000000e+00 5.6861360225747230e-03
2.0534223706176959e+00 0.0000000000000000e+00 5.7260273552659511e-03
2.0634390651085144e+00 0.0000000000000000e+00 5.7659186879571783e-03
2.0734557595993324e+00 0.0000000000000000e+00 5.8058100206484003e-03
2.0834724540901504e+00 0.0000000000000000e+00 5.8457013533396267e-03
2.0934891485809684e+00 0.0000000000000000e+00 5.8855926860308478e-03
2.1035058430717863e+00 0.0000000000000000e+00 6.0125420376404238e-03
2.1135225375626043e+00 0.0000000000000000e+00 6.3011705672374454e-03
2.1235392320534223e+00 0.0000000000000000e+00 6.5897990968345173e-03
2.1335559265442403e+00 0.0000000000000000e+00 6.8784276264315884e-03
2.1435726210350583e+00 0.0000000000000000e+00 7.1670561560286594e-03
2.1535893155258763e+00 0.0000000000000000e+00 7.4556846856256792e-03
2.1636060100166943e+00 0.0000000000000000e+00 7.7067628548462483e-03
2.1736227045075123e+00 0.0000000000000000e+00 7.8910848278434340e-03
2.1836393989983307e+00 0.0000000000000000e+00 8.0754068008406510e-03
2.1936560934891487e+00 0.0000000000000000e+00 8.2597287738378732e-03
2.2036727879799667e+00 0.0000000000000000e+00 8.4440507468350589e-03
2.2136894824707847e+00 0.0000000000000000e+00 8.6283727198322429e-03
2.2237061769616027e+00 0.0000000000000000e+00 8.8130014864725454e-03
2.2337228714524207e+00 0.0000000000000000e+00 8.9981526314781134e-03
2.2437395659432386e+00 0.0000000000000000e+00 9.1833037764836173e-03
2.2537562604340566e+00 0.0000000000000000e+00 9.3684549214891229e-03
2.2637729549248746e+00 0.0000000000000000e+00 9.5536060664946597e-03
2.2737896494156926e+00 0.0000000000000000e+00 9.7387572115001982e-03
2.2838063439065106e+00 0.0000000000000000e+00 9.9242055731809786e-03
2.2938230383973290e+00 0.0000000000000000e+00 1.0110138867331957e-02
2.3038397328881470e+00 0.0000000000000000e+00 1.0296072161482905e-02
2.3138564273789650e+00 0.0000000000000000e+00 1.0482005455633889e-02
2.3238731218697830e+00 0.0000000000000000e+00 1.0667938749784870e-02
2.3338898163606010e+00 0.0000000000000000e+00 1.0853872043935852e-02
2.3439065108514190e+00 0.0000000000000000e+00 1.1040091568928575e-02
2.3539232053422370e+00 0.0000000000000000e+00 1.1226758788314865e-02
2.3639398998330550e+00 0.0000000000000000e+00 1.1413426007701122e-02
2.3739565943238730e+00 0.0000000000000000e+00 1.1600093227087414e-02
2.3839732888146909e+00 0.0000000000000000e+00 1.1786760446473671e-02
2.3939899833055089e+00 0.0000000000000000e+00 1.1973427665859961e-02
2.4040066777963274e+00 0.0000000000000000e+00 1.2160368707881340e-02
2.4140233722871454e+00 0.0000000000000000e+00 1.2347720483855310e-02
2.4240400667779634e+00 0.0000000000000000e+00 1.2535072259829312e-02
2.4340567612687813e+00 0.0000000000000000e+00 1.2722424035803313e-02
2.4440734557595993e+00 0.0000000000000000e+00 1.2909775811777316e-02
2.4540901502504173e+00 0.0000000000000000e+00 1.3097127587751285e-02
2.4641068447412353e+00 0.0000000000000000e+00 1.3284739345931799e-02
2.4741235392320533e+00 0.0000000000000000e+00 1.3472725224848582e-02
2.4841402337228713e+00 0.0000000000000000e+00 1.3660711103765365e-02
2.4941569282136893e+00 0.0000000000000000e+00 1.3848696982682119e-02
2.5041736227045073e+00 0.0000000000000000e+00 1.4036682861598869e-02
2.5141903171953257e+00 0.0000000000000000e+00 1.4224668740515652e-02
2.5242070116861437e+00 0.0000000000000000e+00 1.4412899322912731e-02
2.5342237061769617e+00 0.0000000000000000e+00 1.4601467829163437e-02
2.5442404006677797e+00 0.0000000000000000e+00 1.4790036335414172e-02
2.5542570951585977e+00 0.0000000000000000e+00 1.4978604841664880e-02
2.5642737896494157e+00 0.0000000000000000e+00 1.5167173347915612e-02
2.5742904841402336e+00 0.0000000000000000e+00 1.5355741854166318e-02
2.5843071786310516e+00 0.0000000000000000e+00 1.5544538344668691e-02
2.5943238731218696e+00 0.0000000000000000e+00 1.5733637046853422e-02
2.6043405676126876e+00 0.0000000000000000e+00 1.5922735749038193e-02
2.6143572621035056e+00 0.0000000000000000e+00 1.6111834451222919e-02
2.6243739565943240e+00 0.0000000000000000e+00 1.6300933153407717e-02
2.6343906510851420e+00 0.0000000000000000e+00 1.6490031855592453e-02
2.6444073455759600e+00 0.0000000000000000e+00 1.6679340384046573e-02
2.6544240400667780e+00 0.0000000000000000e+00 1.6868915964116223e-02
2.6644407345575960e+00 0.0000000000000000e+00 1.7058491544185841e-02
2.6744574290484140e+00 0.0000000000000000e+00 1.7248067124255459e-02
2.6844741235392320e+00 0.0000000000000000e+00 1.7437642704325112e-02
2.6944908180300500e+00 0.0000000000000000e+00 1.7627218284394758e-02
2.7045075125208680e+00 0.0000000000000000e+00 1.7816984099764510e-02
2.7145242070116860e+00 0.0000000000000000e+00 1.8006982424945528e-02
2.7245409015025039e+00 0.0000000000000000e+00 1.8196980750126612e-02
2.7345575959933224e+00 0.0000000000000000e+00 1.8386979075307664e-02
2.7445742904841404e+00 0.0000000000000000e+00 1.8576977400488682e-02
2.7545909849749584e+00 0.0000000000000000e+00 1.8766975725669731e-02
2.7646076794657763e+00 0.0000000000000000e+00 1.8957143272026109e-02
2.7746243739565943e+00 0.0000000000000000e+00 1.9147509469327501e-02
2.7846410684474123e+00 0.0000000000000000e+00 1.9337875666628857e-02
2.7946577629382303e+00 0.0000000000000000e+00 1.9528241863930249e-02
2.8046744574290483e+00 0.0000000000000000e+00 1.9718608061231609e-02
2.8146911519198663e+00 0.0000000000000000e+00 1.9908974258533031e-02
2.8247078464106843e+00 0.0000000000000000e+00 2.0099487253653566e-02
2.8347245409015023e+00 0.0000000000000000e+00 2.0290165786740449e-02
2.8447412353923207e+00 0.0000000000000000e+00 2.0480844319827291e-02
2.8547579298831387e+00 0.0000000000000000e+00 2.0671522852914164e-02
2.8647746243739567e+00 0.0000000000000000e+00 2.0862201386001041e-02
2.8747913188647747e+00 0.0000000000000000e+00 2.1052879919087879e-02
2.8848080133555927e+00 0.0000000000000000e+00 2.1243681435432104e-02
2.8948247078464107e+00 0.0000000000000000e+00 2.1434616183638504e-02
2.9048414023372287e+00 0.0000000000000000e+00 2.1625550931844911e-02
2.9148580968280466e+00 0.0000000000000000e+00 2.1816485680051310e-02
2.9248747913188646e+00 0.0000000000000000e+00 2.2007420428257683e-02
2.9348914858096826e+00 0.0000000000000000e+00 2.2198355176464086e-02
2.9449081803005006e+00 0.0000000000000000e+00 2.2389387724277395e-02
2.9549248747913190e+00 0.0000000000000000e+00 2.2580522063518269e-02
2.9649415692821370e+00 0.0000000000000000e+00 2.2771656402759171e-02
2.9749582637729550e+00 0.0000000000000000e+00 2.2962790742000038e-02
2.9849749582637730e+00 0.0000000000000000e+00 2.3153925081240940e-02
2.9949916527545910e+00 0.0000000000000000e+00 2.3345059420481814e-02
3.0050083472454090e+00 0.0000000000000000e+00 2.3536265032768386e-02
3.0150250417362270e+00 0.0000000000000000e+00 2.3727541918100625e-02
3.0250417362270450e+00 0.0000000000000000e+00 2.3918818803432863e-02
3.0350584307178630e+00 0.0000000000000000e+00 2.4110095688765074e-02
3.0450751252086810e+00 0.0000000000000000e+00 2.4301372574097310e-02
3.0550918196994989e+00 0.0000000000000000e+00 2.4492649459429514e-02
3.0651085141903169e+00 0.0000000000000000e+00 2.4683969778524453e-02
3.0751252086811354e+00 0.0000000000000000e+00 2.4875331828097275e-02
3.0851419031719534e+00 0.0000000000000000e+00 2.5066693877670070e-02
3.0951585976627713e+00 0.0000000000000000e+00 2.5258055927242857e-02
3.1051752921535893e+00 0.0000000000000000e+00 2.5449417976815682e-02
3.1151919866444073e+00 0.0000000000000000e+00 2.5640780026388536e-02
3.1252086811352253e+00 0.0000000000000000e+00 2.5832156391850009e-02
3.1352253756260433e+00 0.0000000000000000e+00 2.6023545971977952e-02
3.1452420701168613e+00 0.0000000000000000e+00 2.6214935552105922e-02
3.1552587646076793e+00 0.0000000000000000e+00 2.6406325132233895e-02
3.1652754590984973e+00 0.0000000000000000e+00 2.6597714712361838e-02
3.1752921535893153e+00 0.0000000000000000e+00 2.6789104292489783e-02
3.1853088480801337e+00 0.0000000000000000e+00 2.6980477830024965e-02
3.1953255425709517e+00 0.0000000000000000e+00 2.7171837141109951e-02
3.2053422370617697e+00 0.0000000000000000e+00 2.7363196452194902e-02
3.2153589315525877e+00 0.0000000000000000e+00 2.7554555763279913e-02
3.2253756260434057e+00 0.0000000000000000e+00 2.7745915074364868e-02
3.2353923205342237e+00 0.0000000000000000e+00 2.7937274385449847e-02
3.2454090150250416e+00 0.0000000000000000e+00 2.8128586096581872e-02
3.2554257095158596e+00 0.0000000000000000e+00 2.8319857259605875e-02
3.2654424040066776e+00 0.0000000000000000e+00 2.8511128422629848e-02
3.2754590984974956e+00 0.0000000000000000e+00 2.8702399585653855e-02
3.2854757929883136e+00 0.0000000000000000e+00 2.8893670748677828e-02
3.2954924874791320e+00 0.0000000000000000e+00 2.9084941911701832e-02
3.3055091819699500e+00 0.0000000000000000e+00 2.9276132763881961e-02
3.3155258764607680e+00 0.0000000000000000e+00 2.9467257907189903e-02
3.3255425709515860e+00 0.0000000000000000e+00 2.9658383050497818e-02
3.3355592654424040e+00 0.0000000000000000e+00 2.9849508193805694e-02
3.3455759599332220e+00 0.0000000000000000e+00 3.0040633337113574e-02
3.3555926544240400e+00 0.0000000000000000e+00 3.0231758480421492e-02
3.3656093489148580e+00 0.0000000000000000e+00 3.0422769497287026e-02
3.3756260434056760e+00 0.0000000000000000e+00 3.0613690843376395e-02
3.3856427378964939e+00 0.0000000000000000e+00 3.0804612189465758e-02
3.3956594323873119e+00 0.0000000000000000e+00 3.0995533535555155e-02
3.4056761268781304e+00 0.0000000000000000e+00 3.1186454881644586e-02
3.4156928213689484e+00 0.0000000000000000e+00 3.1377376227733948e-02
3.4257095158597664e+00 0.0000000000000000e+00 3.1568148579212821e-02
3.4357262103505843e+00 0.0000000000000000e+00 3.1758808531248642e-02
3.4457429048414023e+00 0.0000000000000000e+00 3.1949468483284497e-02
3.4557595993322203e+00 0.0000000000000000e+00 3.2140128435320318e-02
3.4657762938230383e+00 0.0000000000000000e+00 3.2330788387356174e-02
3.4757929883138563e+00 0.0000000000000000e+00 3.2521448339391995e-02
3.4858096828046743e+00 0.0000000000000000e+00 3.2711923431355636e-02
3.4958263772954923e+00 0.0000000000000000e+00 3.2902264659129037e-02
3.5058430717863103e+00 0.0000000000000000e+00 3.3092605886902493e-02
3.5158597662771287e+00 0.0000000000000000e+00 3.3282947114675880e-02
3.5258764607679467e+00 0.0000000000000000e+00 3.3473288342449309e-02
3.5358931552587647e+00 0.0000000000000000e+00 3.3663629570222731e-02
3.5459098497495827e+00 0.0000000000000000e+00 3.3853749133391647e-02
3.5559265442404007e+00 0.0000000000000000e+00 3.4043714658445579e-02
3.5659432387312187e+00 0.0000000000000000e+00 3.4233680183499537e-02
3.5759599332220366e+00 0.0000000000000000e+00 3.4423645708553510e-02
3.5859766277128546e+00 0.0000000000000000e+00 3.4613611233607441e-02
3.5959933222036726e+00 0.0000000000000000e+00 3.4803576758661366e-02
3.6060100166944906e+00 0.0000000000000000e+00 3.4993282936472823e-02
3.6160267111853086e+00 0.0000000000000000e+00 3.5182816216122549e-02
3.6260434056761270e+00 0.0000000000000000e+00 3.5372349495772240e-02
3.6360601001669450e+00 0.0000000000000000e+00 3.5561882775421966e-02
3.6460767946577630e+00 0.0000000000000000e+00 3.5751416055071664e-02
3.6560934891485810e+00 0.0000000000000000e+00 3.5940949334721389e-02
3.6661101836393990e+00 0.0000000000000000e+00 3.6130184769873973e-02
3.6761268781302170e+00 0.0000000000000000e+00 3.6319229779856320e-02
3.6861435726210350e+00 0.0000000000000000e+00 3.6508274789838618e-02
3.6961602671118530e+00 0.0000000000000000e+00 3.6697319799820959e-02
3.7061769616026710e+00 0.0000000000000000e+00 3.6886364809803306e-02
3.7161936560934890e+00 0.0000000000000000e+00 3.7075409819785639e-02
3.7262103505843069e+00 0.0000000000000000e+00 3.7264117739185240e-02
3.7362270450751254e+00 0.0000000000000000e+00 3.7452619054679358e-02
3.7462437395659434e+00 0.0000000000000000e+00 3.7641120370173475e-02
3.7562604340567614e+00 0.0000000000000000e+00 3.7829621685667558e-02
3.7662771285475793e+00 0.0000000000000000e+00 3.8018123001161648e-02
3.7762938230383973e+00 0.0000000000000000e+00 3.8206624316655752e-02
3.7863105175292153e+00 0.0000000000000000e+00 3.8394748614494288e-02
3.7963272120200333e+00 0.0000000000000000e+00 3.8582651489265256e-02
3.8063439065108513e+00 0.0000000000000000e+00 3.8770554364036251e-02
3.8163606010016693e+00 0.0000000000000000e+00 3.8958457238807247e-02
3.8263772954924873e+00 0.0000000000000000e+00 3.9146360113578242e-02
3.8363939899833053e+00 0.0000000000000000e+00 3.9334262988349196e-02
3.8464106844741233e+00 0.0000000000000000e+00 3.9521748307060525e-02
3.8564273789649417e+00 0.0000000000000000e+00 3.9708998750488340e-02
3.8664440734557597e+00 0.0000000000000000e+00 3.9896249193916163e-02
3.8764607679465777e+00 0.0000000000000000e+00 4.0083499637343957e-02
3.8864774624373957e+00 0.0000000000000000e+00 4.0270750080771779e-02
3.8964941569282137e+00 0.0000000000000000e+00 4.0458000524199567e-02
3.9065108514190316e+00 0.0000000000000000e+00 4.0644792333048546e-02
3.9165275459098496e+00 0.0000000000000000e+00 4.0831337184816519e-02
3.9265442404006676e+00 0.0000000000000000e+00 4.1017882036584533e-02
3.9365609348914856e+00 0.0000000000000000e+00 4.1204426888352512e-02
3.9465776293823036e+00 0.0000000000000000e+00 4.1390971740120519e-02
3.9565943238731216e+00 0.0000000000000000e+00 4.1577516591888505e-02
3.9666110183639400e+00 0.0000000000000000e+00 4.1763561262961678e-02
3.9766277128547580e+00 0.0000000000000000e+00 4.1949348265192019e-02
3.9866444073455760e+00 0.0000000000000000e+00 4.2135135267422394e-02
3.9966611018363940e+00 0.0000000000000000e+00 4.2320922269652811e-02
4.0066777963272120e+00 0.0000000000000000e+00 4.2506709271883152e-02
4.0166944908180300e+00 0.0000000000000000e+00 4.2692496274113499e-02
4.0267111853088480e+00 0.0000000000000000e+00 4.2877741155496599e-02
4.0367278797996660e+00 0.0000000000000000e+00 4.3062719022134023e-02
4.0467445742904840e+00 0.0000000000000000e+00 4.3247696888771427e-02
4.0567612687813019e+00 0.0000000000000000e+00 4.3432674755408816e-02
4.0667779632721199e+00 0.0000000000000000e+00 4.3617652622046255e-02
4.0767946577629379e+00 0.0000000000000000e+00 4.3802630488683686e-02
4.0868113522537559e+00 0.0000000000000000e+00 4.3987023974624236e-02
4.0968280467445739e+00 0.0000000000000000e+00 4.4171142457883922e-02
4.1068447412353919e+00 0.0000000000000000e+00 4.4355260941143691e-02
4.1168614357262099e+00 0.0000000000000000e+00 4.4539379424403419e-02
4.1268781302170288e+00 0.0000000000000000e+00 4.4723497907663140e-02
4.1368948247078468e+00 0.0000000000000000e+00 4.4907616390922840e-02
4.1469115191986647e+00 0.0000000000000000e+00 4.5091107988794829e-02
4.1569282136894827e+00 0.0000000000000000e+00 4.5274317942507157e-02
4.1669449081803007e+00 0.0000000000000000e+00 4.5457527896219492e-02
4.1769616026711187e+00 0.0000000000000000e+00 4.5640737849931806e-02
4.1869782971619367e+00 0.0000000000000000e+00 4.5823947803644113e-02
4.1969949916527547e+00 0.0000000000000000e+00 4.6007157757356483e-02
4.2070116861435727e+00 0.0000000000000000e+00 4.6333446725290280e-02
4.2170283806343907e+00 0.0000000000000000e+00 4.6721055270745541e-02
4.2270450751252087e+00 0.0000000000000000e+00 4.7108663816200796e-02
4.2370617696160267e+00 0.0000000000000000e+00 4.7496272361656114e-02
4.2470784641068446e+00 0.0000000000000000e+00 4.7883880907111452e-02
4.2570951585976626e+00 0.0000000000000000e+00 4.8271489452566700e-02
4.2671118530884806e+00 0.0000000000000000e+00 4.8333920311229212e-02
4.2771285475792986e+00 0.0000000000000000e+00 4.8263532114727073e-02
4.2871452420701166e+00 0.0000000000000000e+00 4.8193143918224941e-02
4.2971619365609346e+00 0.0000000000000000e+00 4.8122755721722810e-02
4.3071786310517526e+00 0.0000000000000000e+00 4.8052367525220692e-02
4.3171953255425706e+00 0.0000000000000000e+00 4.7981979328718567e-02
4.3272120200333886e+00 0.0000000000000000e+00 4.7910973289969239e-02
4.3372287145242066e+00 0.0000000000000000e+00 4.7839726979234921e-02
4.3472454090150245e+00 0.0000000000000000e+00 4.7768480668500590e-02
4.3572621035058434e+00 0.0000000000000000e+00 4.7697234357766245e-02
4.3672787979966614e+00 0.0000000000000000e+00 4.7625988047031921e-02
4.3772954924874794e+00 0.0000000000000000e+00 4.7554741736297583e-02
4.3873121869782974e+00 0.0000000000000000e+00 4.7482885136711145e-02
4.3973288814691154e+00 0.0000000000000000e+00 4.7410802813850648e-02
4.4073455759599334e+00 0.0000000000000000e+00 4.7338720490990124e-02
4.4173622704507514e+00 0.0000000000000000e+00 4.7266638168129621e-02
4.4273789649415694e+00 0.0000000000000000e+00 4.7194555845269118e-02
4.4373956594323873e+00 0.0000000000000000e+00 4.7122473522408621e-02
4.4474123539232053e+00 0.0000000000000000e+00 4.7049789677486027e-02
4.4574290484140233e+00 0.0000000000000000e+00 4.6976894486974084e-02
4.4674457429048413e+00 0.0000000000000000e+00 4.6903999296462155e-02
4.4774624373956593e+00 0.0000000000000000e+00 4.6831104105950219e-02
4.4874791318864773e+00 0.0000000000000000e+00 4.6758208915438269e-02
4.4974958263772953e+00 0.0000000000000000e+00 4.6685313724926299e-02
4.5075125208681133e+00 0.0000000000000000e+00 4.6611827005027195e-02
4.5175292153589313e+00 0.0000000000000000e+00 4.6538143108665712e-02
4.5275459098497493e+00 0.0000000000000000e+00 4.6464459212304209e-02
4.5375626043405672e+00 0.0000000000000000e+00 4.6390775315942712e-02
4.5475792988313852e+00 0.0000000000000000e+00 4.6317091419581229e-02
4.5575959933222032e+00 0.0000000000000000e+00 4.6243407523219739e-02
4.5676126878130212e+00 0.0000000000000000e+00 4.6169143325353483e-02
4.5776293823038401e+00 0.0000000000000000e+00 4.6094695874380476e-02
4.5876460767946581e+00 0.0000000000000000e+00 4.6020248423407448e-02
4.5976627712854761e+00 0.0000000000000000e+00 4.5945800972434447e-02
4.6076794657762941e+00 0.0000000000000000e+00 4.5871353521461447e-02
4.6176961602671120e+00 0.0000000000000000e+00 4.5796906070488433e-02
4.6277128547579300e+00 0.0000000000000000e+00 4.5721890787146745e-02
4.6377295492487480e+00 0.0000000000000000e+00 4.5646705891539109e-02
4.6477462437395660e+00 0.0000000000000000e+00 4.5571520995931473e-02
4.6577629382303840e+00 0.0000000000000000e+00 4.5496336100323831e-02
4.6677796327212020e+00 0.0000000000000000e+00 4.5421151204716174e-02
4.6777963272120200e+00 0.0000000000000000e+00 4.5345966309108539e-02
4.6878130217028380e+00 0.0000000000000000e+00 4.5270227294195393e-02
4.6978297161936560e+00 0.0000000000000000e+00 4.5194331989221695e-02
4.7078464106844740e+00 0.0000000000000000e+00 4.5118436684248010e-02
4.7178631051752919e+00 0.0000000000000000e+00 4.5042541379274333e-02
4.7278797996661099e+00 0.0000000000000000e+00 4.4966646074300662e-02
4.7378964941569279e+00 0.0000000000000000e+00 4.4890750769326977e-02
4.7479131886477459e+00 0.0000000000000000e+00 4.4814316301255805e-02
4.7579298831385639e+00 0.0000000000000000e+00 4.4737738511348615e-02
4.7679465776293819e+00 0.0000000000000000e+00 4.4661160721441419e-02
4.7779632721201999e+00 0.0000000000000000e+00 4.4584582931534215e-02
4.7879799666110179e+00 0.0000000000000000e+00 4.4508005141626998e-02
4.7979966611018368e+00 0.0000000000000000e+00 4.4431427351719788e-02
4.8080133555926547e+00 0.0000000000000000e+00 4.4354326593761990e-02
4.8180300500834727e+00 0.0000000000000000e+00 4.4277095093791553e-02
4.8280467445742907e+00 0.0000000000000000e+00 4.4199863593821102e-02
4.8380634390651087e+00 0.0000000000000000e+00 4.4122632093850665e-02
4.8480801335559267e+00 0.0000000000000000e+00 4.4045400593880228e-02
4.8580968280467447e+00 0.0000000000000000e+00 4.3968169093909784e-02
4.8681135225375627e+00 0.0000000000000000e+00 4.3890432051891540e-02
4.8781302170283807e+00 0.0000000000000000e+00 4.3812576425936160e-02
4.8881469115191987e+00 0.0000000000000000e+00 4.3734720799980788e-02
4.8981636060100167e+00 0.0000000000000000e+00 4.3656865174025429e-02
4.9081803005008346e+00 0.0000000000000000e+00 4.3579009548070050e-02
4.9181969949916526e+00 0.0000000000000000e+00 4.3501153922114663e-02
4.9282136894824706e+00 0.0000000000000000e+00 4.3422811399573116e-02
4.9382303839732886e+00 0.0000000000000000e+00 4.3344361997293142e-02
4.9482470784641066e+00 0.0000000000000000e+00 4.3265912595013153e-02
4.9582637729549246e+00 0.0000000000000000e+00 4.3187463192733151e-02
4.9682804674457426e+00 0.0000000000000000e+00 4.3109013790453177e-02
4.9782971619365606e+00 0.0000000000000000e+00 4.3030564388173188e-02
4.9883138564273786e+00 0.0000000000000000e+00 4.2951647939095387e-02
4.9983305509181966e+00 0.0000000000000000e+00 4.2872635829830093e-02
5.0083472454090145e+00 0.0000000000000000e+00 4.2793623720564812e-02
5.0183639398998334e+00 0.0000000000000000e+00 4.2714611611299524e-02
5.0283806343906514e+00 0.0000000000000000e+00 4.2635599502034244e-02
5.0383973288814694e+00 0.0000000000000000e+00 4.2556587392768942e-02
5.0484140233722874e+00 0.0000000000000000e+00 4.2477129272050038e-02
5.0584307178631054e+00 0.0000000000000000e+00 4.2397586196768533e-02
5.0684474123539234e+00 0.0000000000000000e+00 4.2318043121487049e-02
5.0784641068447414e+00 0.0000000000000000e+00 4.2238500046205517e-02
5.0884808013355594e+00 0.0000000000000000e+00 4.2158956970923998e-02
5.0984974958263773e+00 0.0000000000000000e+00 4.2079413895642508e-02
5.1085141903171953e+00 0.0000000000000000e+00 4.1999447007410699e-02
5.1185308848080133e+00 0.0000000000000000e+00 4.1919405328658225e-02
5.1285475792988313e+00 0.0000000000000000e+00 4.1839363649905752e-02
5.1385642737896493e+00 0.0000000000000000e+00 4.1759321971153313e-02
5.1485809682804673e+00 0.0000000000000000e+00 4.1679280292400853e-02
5.1585976627712853e+00 0.0000000000000000e+00 4.1599238613648393e-02
5.1686143572621033e+00 0.0000000000000000e+00 4.1518796457616289e-02
5.1786310517529213e+00 0.0000000000000000e+00 4.1438289107608453e-02
5.1886477462437393e+00 0.0000000000000000e+00 4.1357781757600617e-02
5.1986644407345572e+00 0.0000000000000000e+00 4.1277274407592768e-02
5.2086811352253752e+00 0.0000000000000000e+00 4.1196767057584925e-02
5.2186978297161932e+00 0.0000000000000000e+00 4.1116259707577096e-02
5.2287145242070112e+00 0.0000000000000000e+00 4.1035376323589057e-02
5.2387312186978292e+00 0.0000000000000000e+00 4.0954436750615469e-02
5.2487479131886481e+00 0.0000000000000000e+00 4.0873497177641882e-02
5.2587646076794661e+00 0.0000000000000000e+00 4.0792557604668288e-02
5.2687813021702841e+00 0.0000000000000000e+00 4.0711618031694714e-02
5.2787979966611021e+00 0.0000000000000000e+00 4.0630678458721148e-02
5.2888146911519200e+00 0.0000000000000000e+00 4.0549388369675504e-02
5.2988313856427380e+00 0.0000000000000000e+00 4.0468050482983721e-02
5.3088480801335560e+00 0.0000000000000000e+00 4.0386712596291931e-02
5.3188647746243740e+00 0.0000000000000000e+00 4.0305374709600141e-02
5.3288814691151920e+00 0.0000000000000000e+00 4.0224036822908336e-02
5.3388981636060100e+00 0.0000000000000000e+00 4.0142698936216532e-02
5.3489148580968280e+00 0.0000000000000000e+00 4.0061037089551249e-02
5.3589315525876460e+00 0.0000000000000000e+00 3.9979335202889224e-02
5.3689482470784640e+00 0.0000000000000000e+00 3.9897633316227192e-02
5.3789649415692820e+00 0.0000000000000000e+00 3.9815931429565132e-02
5.3889816360600999e+00 0.0000000000000000e+00 3.9734229542903121e-02
5.3989983305509179e+00 0.0000000000000000e+00 3.9652527656241096e-02
5.4090150250417359e+00 0.0000000000000000e+00 3.9570529364177563e-02
5.4190317195325539e+00 0.0000000000000000e+00 3.9488498138180540e-02
5.4290484140233719e+00 0.0000000000000000e+00 3.9406466912183531e-02
5.4390651085141899e+00 0.0000000000000000e+00 3.9324435686186508e-02
5.4490818030050079e+00 0.0000000000000000e+00 3.9242404460189485e-02
5.4590984974958259e+00 0.0000000000000000e+00 3.9160373234192448e-02
5.4691151919866448e+00 0.0000000000000000e+00 3.9078074112940689e-02
5.4791318864774627e+00 0.0000000000000000e+00 3.8995748496553843e-02
5.4891485809682807e+00 0.0000000000000000e+00 3.8913422880167005e-02
5.4991652754590987e+00 0.0000000000000000e+00 3.8831097263780173e-02
5.5091819699499167e+00 0.0000000000000000e+00 3.8748771647393328e-02
5.5191986644407347e+00 0.0000000000000000e+00 3.8666446031006496e-02
5.5292153589315527e+00 0.0000000000000000e+00 3.8583881939138448e-02
5.5392320534223707e+00 0.0000000000000000e+00 3.8501297110272038e-02
5.5492487479131887e+00 0.0000000000000000e+00 3.8418712281405643e-02
5.5592654424040067e+00 0.0000000000000000e+00 3.8336127452539240e-02
5.5692821368948247e+00 0.0000000000000000e+00 3.8253542623672844e-02
5.5792988313856426e+00 0.0000000000000000e+00 3.8170957794806420e-02
5.5893155258764606e+00 0.0000000000000000e+00 3.8088164771010000e-02
5.5993322203672786e+00 0.0000000000000000e+00 3.8005356076627465e-02
5.6093489148580966e+00 0.0000000000000000e+00 3.7922547382244938e-02
5.6193656093489146e+00 0.0000000000000000e+00 3.7839738687862390e-02
5.6293823038397326e+00 0.0000000000000000e+00 3.7756929993479849e-02
5.6393989983305506e+00 0.0000000000000000e+00 3.7674121299097314e-02
5.6494156928213686e+00 0.0000000000000000e+00 3.7591135499526106e-02
5.6594323873121866e+00 0.0000000000000000e+00 3.7508138395368359e-02
5.6694490818030046e+00 0.0000000000000000e+00 3.7425141291210620e-02
5.6794657762938225e+00 0.0000000000000000e+00 3.7342144187052874e-02
5.6894824707846414e+00 0.0000000000000000e+00 3.7259147082895142e-02
5.6994991652754594e+00 0.0000000000000000e+00 3.7176149978737409e-02
5.7095158597662774e+00 0.0000000000000000e+00 3.7093007614173050e-02
5.7195325542570954e+00 0.0000000000000000e+00 3.7009857604324133e-02
5.7295492487479134e+00 0.0000000000000000e+00 3.6926707594475222e-02
5.7395659432387314e+00 0.0000000000000000e+00 3.6843557584626312e-02
5.7495826377295494e+00 0.0000000000000000e+00 3.6760407574777394e-02
5.7595993322203674e+00 0.0000000000000000e+00 3.6677257564928470e-02
5.7696160267111853e+00 0.0000000000000000e+00 3.6593994837973792e-02
5.7796327212020033e+00 0.0000000000000000e+00 3.6510727414473025e-02
5.7896494156928213e+00 0.0000000000000000e+00 3.6427459990972258e-02
5.7996661101836393e+00 0.0000000000000000e+00 3.6344192567471484e-02
5.8096828046744573e+00 0.0000000000000000e+00 3.6260925143970731e-02
5.8196994991652753e+00 0.0000000000000000e+00 3.6177657720469977e-02
5.8297161936560933e+00 0.0000000000000000e+00 3.6094310762989502e-02
5.8397328881469113e+00 0.0000000000000000e+00 3.6010961345695230e-02
5.8497495826377293e+00 0.0000000000000000e+00 3.5927611928400972e-02
5.8597662771285473e+00 0.0000000000000000e+00 3.5844262511106721e-02
5.8697829716193652e+00 0.0000000000000000e+00 3.5760913093812435e-02
5.8797996661101832e+00 0.0000000000000000e+00 3.5677563676518163e-02
5.8898163606010012e+00 0.0000000000000000e+00 3.5594168487542037e-02
5.8998330550918192e+00 0.0000000000000000e+00 3.5510772364449952e-02
5.9098497495826381e+00 0.0000000000000000e+00 3.5427376241357861e-02
5.9198664440734561e+00 0.0000000000000000e+00 3.5343980118265769e-02
5.9298831385642741e+00 0.0000000000000000e+00 3.5260583995173671e-02
5.9398998330550921e+00 0.0000000000000000e+00 3.5177187872081586e-02
5.9499165275459100e+00 0.0000000000000000e+00 3.5093780256384585e-02
5.9599332220367280e+00 0.0000000000000000e+00 3.5010372524600653e-02
5.9699499165275460e+00 0.0000000000000000e+00 3.4926964792816713e-02
5.9799666110183640e+00 0.0000000000000000e+00 3.4843557061032787e-02
5.9899833055091820e+00 0.0000000000000000e+00 3.4760149329248868e-02
6.0000000000000000e+00 0.0000000000000000e+00 3.4676741597464943e-02
