# x y true pred abs_error
0.0000000000000000e+00 -6.0000000000000000e+00 1.4461612427661599e-01 3.4676741597465595e-02 1.0993938267915040e-01
0.0000000000000000e+00 -5.9400000000000004e+00 1.5170424485822301e-01 3.5176353910851312e-02 1.1652789094737170e-01
0.0000000000000000e+00 -5.8799999999999999e+00 1.5914805804638099e-01 3.5675896688172934e-02 1.2347216135820806e-01
0.0000000000000000e+00 -5.8200000000000003e+00 1.6696555489752599e-01 3.6175159697765587e-02 1.3079039519976041e-01
0.0000000000000000e+00 -5.7599999999999998e+00 1.7517561184942099e-01 3.6673931564535155e-02 1.3850168028488583e-01
0.0000000000000000e+00 -5.7000000000000002e+00 1.8379802445494900e-01 3.7172000123530155e-02 1.4662602433141886e-01
0.0000000000000000e+00 -5.6399999999999997e+00 1.9285354275890401e-01 3.7669152777434989e-02 1.5518438998146902e-01
0.0000000000000000e+00 -5.5800000000000001e+00 2.0236390563765400e-01 3.8165176856786394e-02 1.6419872878086761e-01
0.0000000000000000e+00 -5.5199999999999996e+00 2.1235187132657299e-01 3.8659859981696167e-02 1.7369201134487683e-01
0.0000000000000000e+00 -5.4600000000000000e+00 2.2284124851435599e-01 3.9152990423853333e-02 1.8368825809050265e-01
0.0000000000000000e+00 -5.4000000000000004e+00 2.3385692520671600e-01 3.9644357467575497e-02 1.9421256773914050e-01
0.0000000000000000e+00 -5.3399999999999999e+00 2.4542489088104599e-01 4.0133751768681052e-02 2.0529113911236493e-01
0.0000000000000000e+00 -5.2800000000000002e+00 2.5757225613502899e-01 4.0620965709964894e-02 2.1695129042506409e-01
0.0000000000000000e+00 -5.2199999999999998e+00 2.7032726774692500e-01 4.1105793752076659e-02 2.2922147399484835e-01
0.0000000000000000e+00 -5.1600000000000001e+00 2.8371931370994302e-01 4.1588032778623621e-02 2.4213128093131941e-01
0.0000000000000000e+00 -5.0999999999999996e+00 2.9777891949563601e-01 4.2067482434350864e-02 2.5571143706128513e-01
0.0000000000000000e+00 -5.0400000000000000e+00 3.1253773582634198e-01 4.2543945455287072e-02 2.6999379037105492e-01
0.0000000000000000e+00 -4.9800000000000004e+00 3.2802851177106401e-01 4.3017227989786147e-02 2.8501128378127788e-01
0.0000000000000000e+00 -4.9199999999999999e+00 3.4428504886943700e-01 4.3487139909443265e-02 3.0079790895999375e-01
0.0000000000000000e+00 -4.8600000000000003e+00 3.6134214050171398e-01 4.3953495108915941e-02 3.1738864539279804e-01
0.0000000000000000e+00 -4.7999999999999998e+00 3.7923548839286497e-01 4.4416111793738902e-02 3.3481937659912608e-01
0.0000000000000000e+00 -4.7400000000000002e+00 3.9800158679142500e-01 4.4874812755283031e-02 3.5312677403614195e-01
0.0000000000000000e+00 -4.6799999999999997e+00 4.1767758032231400e-01 4.5329425632075385e-02 3.7234815469023863e-01
0.0000000000000000e+00 -4.6200000000000001e+00 4.3830108636475401e-01 4.5779783156765161e-02 3.9252130320798884e-01
0.0000000000000000e+00 -4.5599999999999996e+00 4.5990996791621203e-01 4.6225723388093477e-02 4.1368424452811853e-01
0.0000000000000000e+00 -4.5000000000000000e+00 4.8254206093709101e-01 4.6667089927298823e-02 4.3587497100979217e-01
0.0000000000000000e+00 -4.4400000000000004e+00 5.0623484790581796e-01 4.7103732118465372e-02 4.5913111578735261e-01
0.0000000000000000e+00 -4.3799999999999999e+00 5.3102506082301004e-01 4.7535505232399800e-02 4.8348955559061024e-01
0.0000000000000000e+00 -4.3200000000000003e+00 5.5694820933923594e-01 4.7962270633698442e-02 5.0898593870553754e-01
0.0000000000000000e+00 -4.2599999999999998e+00 5.8403803163206602e-01 4.8383895930746171e-02 5.3565413570131981e-01
0.0000000000000000e+00 -4.2000000000000002e+00 6.1232584906792598e-01 4.6062120743468937e-02 5.6626372832445704e-01
0.0000000000000000e+00 -4.1399999999999997e+00 6.4183980837747900e-01 4.4964693120732119e-02 5.9687511525674686e-01
0.0000000000000000e+00 -4.0800000000000001e+00 6.7260401954665905e-01 4.3861823406006438e-02 6.2874219614065263e-01
0.0000000000000000e+00 -4.0199999999999996e+00 7.0463756906475405e-01 4.2753805984848313e-02 6.6188376307990571e-01
0.0000000000000000e+00 -3.9600000000000000e+00 7.3795338409275901e-01 4.1640941841488428e-02 6.9631244225127054e-01
0.0000000000000000e+00 -3.8999999999999999e+00 7.7255696617159297e-01 4.0523538179398112e-02 7.3203342799219484e-01
0.0000000000000000e+00 -3.8399999999999999e+00 8.0844498122263897e-01 3.9401908023265542e-02 7.6904307319937337e-01
0.0000000000000000e+00 -3.7799999999999998e+00 8.4560368179398304e-01 3.8276369803387375e-02 8.0732731199059571e-01
0.0000000000000000e+00 -3.7200000000000002e+00 8.8400718996877103e-01 3.7147246923577709e-02 8.4685994304519330e-01
0.0000000000000000e+00 -3.6600000000000001e+00 9.2361565147057900e-01 3.6014867313783575e-02 8.8760078415679544e-01
0.0000000000000000e+00 -3.6000000000000001e+00 9.6437325545977004e-01 3.4879562968681790e-02 9.2949369249108826e-01
0.0000000000000000e+00 -3.5400000000000000e+00 1.0062061535665701e+00 3.3741669473608626e-02 9.7246448409296149e-01
0.0000000000000000e+00 -3.4800000000000000e+00 1.0490203454189599e+00 3.2601525519245882e-02 1.0164188198997142e+00
0.0000000000000000e+00 -3.4199999999999999e+00 1.0926995595549001e+00 3.1459472406551198e-02 1.0612400871483489e+00
0.0000000000000000e+00 -3.3599999999999999e+00 1.1371031751286900e+00 3.0315853543475796e-02 1.1067873215852142e+00
0.0000000000000000e+00 -3.2999999999999998e+00 1.1820643352501199e+00 2.9171013935061479e-02 1.1528933213150585e+00
0.0000000000000000e+00 -3.2400000000000002e+00 1.2273883306177999e+00 2.8025299668547762e-02 1.1993630309492522e+00
0.0000000000000000e+00 -3.1800000000000002e+00 1.2728513199701901e+00 2.6879057395148800e-02 1.2459722625750413e+00
0.0000000000000000e+00 -3.1200000000000001e+00 1.3181996155797400e+00 2.5732633810182315e-02 1.2924669817695578e+00
0.0000000000000000e+00 -3.0600000000000001e+00 1.3631496671334600e+00 2.4586375133241183e-02 1.3385632920002188e+00
0.0000000000000000e+00 -3.0000000000000000e+00 1.4073888139793600e+00 2.3440626590101151e-02 1.3839481873892590e+00
0.0000000000000000e+00 -2.9399999999999999e+00 1.4505770376250300e+00 2.2295731898048222e-02 1.4282813057269819e+00
0.0000000000000000e+00 -2.8799999999999999e+00 1.4923498695676001e+00 2.1152032756291947e-02 1.4711978368113081e+00
0.0000000000000000e+00 -2.8199999999999998e+00 1.5323224670594600e+00 2.0009868343101641e-02 1.5123125987163584e+00
0.0000000000000000e+00 -2.7599999999999998e+00 1.5700949005272400e+00 1.8869574821266388e-02 1.5512253257059736e+00
0.0000000000000000e+00 -2.7000000000000002e+00 1.6052587896057400e+00 1.7731484853431977e-02 1.5875273047523080e+00
0.0000000000000000e+00 -2.6400000000000001e+00 1.6374051019928899e+00 1.6595927128814848e-02 1.6208091748640752e+00
0.0000000000000000e+00 -2.5800000000000001e+00 1.6661327717027401e+00 1.5463225902728183e-02 1.6506695458000120e+00
0.0000000000000000e+00 -2.5200000000000000e+00 1.6910581991638900e+00 1.4333700550286349e-02 1.6767244986136036e+00
0.0000000000000000e+00 -2.4600000000000000e+00 1.7118252086983501e+00 1.3207665135574895e-02 1.6986175435627753e+00
0.0000000000000000e+00 -2.3999999999999999e+00 1.7281146251201400e+00 1.2085427997490702e-02 1.7160291971226493e+00
0.0000000000000000e+00 -2.3399999999999999e+00 1.7396534782754300e+00 1.0967291353366904e-02 1.7286861869220631e+00
0.0000000000000000e+00 -2.2799999999999998e+00 1.7462235299771800e+00 9.8535509214026044e-03 1.7363699790557774e+00
0.0000000000000000e+00 -2.2200000000000002e+00 1.7476677563291401e+00 8.7444955628195164e-03 1.7389232607663205e+00
0.0000000000000000e+00 -2.1600000000000001e+00 1.7438953637122601e+00 7.6404069445662583e-03 1.7362549567676937e+00
0.0000000000000000e+00 -2.1000000000000001e+00 1.7348841895496201e+00 5.9115220522799345e-03 1.7289726674973402e+00
0.0000000000000000e+00 -2.0400000000000000e+00 1.7206812741029800e+00 5.6725729694594978e-03 1.7150087011335204e+00
0.0000000000000000e+00 -1.9800000000000000e+00 1.7014010795119301e+00 5.4320108457684806e-03 1.6959690686661617e+00
0.0000000000000000e+00 -1.9199999999999999e+00 1.6772208158716100e+00 5.1898878016451346e-03 1.6720309280699648e+00
0.0000000000000000e+00 -1.8600000000000001e+00 1.6483742519685300e+00 4.9462581048269954e-03 1.6434279938637031e+00
0.0000000000000000e+00 -1.8000000000000000e+00 1.6151440904844401e+00 4.7011781401701674e-03 1.6104429123442698e+00
0.0000000000000000e+00 -1.7400000000000000e+00 1.5778527740964801e+00 4.4547063719461320e-03 1.5733980677245338e+00
0.0000000000000000e+00 -1.6799999999999999e+00 1.5368527241154299e+00 4.2069032985124115e-03 1.5326458208169176e+00
0.0000000000000000e+00 -1.6200000000000001e+00 1.4925165881567100e+00 3.9578313993042001e-03 1.4885587567574057e+00
0.0000000000000000e+00 -1.5600000000000001e+00 1.4452275147703399e+00 3.7075550741474533e-03 1.4415199596961925e+00
0.0000000000000000e+00 -1.5000000000000000e+00 1.3953700476253199e+00 3.4561405749496264e-03 1.3919139070503703e+00
0.0000000000000000e+00 -1.4399999999999999e+00 1.3433220632002800e+00 3.2036559298811275e-03 1.3401184072703989e+00
0.0000000000000000e+00 -1.3799999999999999e+00 1.2894477578583401e+00 2.9501708602188387e-03 1.2864975869981212e+00
0.0000000000000000e+00 -1.3200000000000001e+00 1.2340918142203401e+00 2.6957566900810631e-03 1.2313960575302589e+00
0.0000000000000000e+00 -1.2600000000000000e+00 1.1775748950357900e+00 2.4404862493412056e-03 1.1751344087864488e+00
0.0000000000000000e+00 -1.2000000000000000e+00 1.1201903947190901e+00 2.1844337700638399e-03 1.1180059609490263e+00
0.0000000000000000e+00 -1.1399999999999999e+00 1.0622022593666101e+00 1.9276747768614225e-03 1.0602745845897485e+00
0.0000000000000000e+00 -1.0800000000000001e+00 1.0038438633128199e+00 1.6702859716216782e-03 1.0021735773411982e+00
0.0000000000000000e+00 -1.0200000000000000e+00 9.4531780994105896e-01 1.4123451131039337e-03 9.4390546482795501e-01
0.0000000000000000e+00 -9.5999999999999996e-01 8.8679639930235898e-01 1.1539308919471280e-03 8.8564246841041183e-01
0.0000000000000000e+00 -9.0000000000000002e-01 8.2842268627818405e-01 8.9512280167145376e-04 8.2752756347651257e-01
0.0000000000000000e+00 -8.3999999999999997e-01 7.7031200677484502e-01 6.3600100629001470e-04 7.6967600576855499e-01
0.0000000000000000e+00 -7.8000000000000003e-01 7.1255378037317596e-01 3.7664620517511525e-04 7.1217713416800088e-01
0.0000000000000000e+00 -7.1999999999999997e-01 6.5521351389752802e-01 1.1713949584613855e-04 6.5509637440168189e-01
0.0000000000000000e+00 -6.6000000000000003e-01 5.9833492772024199e-01 1.4243776463837354e-04 5.9819248995560359e-01
0.0000000000000000e+00 -5.9999999999999998e-01 5.4194210644624596e-01 4.0200409899277331e-04 5.4154010234725314e-01
0.0000000000000000e+00 -5.4000000000000004e-01 4.8604162486339098e-01 6.6147804902655653e-04 4.8538014681436442e-01
0.0000000000000000e+00 -4.7999999999999998e-01 4.3062461804639102e-01 9.2077831428750046e-04 4.2970383973210352e-01
0.0000000000000000e+00 -4.1999999999999998e-01 3.7566875636629299e-01 1.1798238893475567e-03 3.7448893247694542e-01
0.0000000000000000e+00 -3.5999999999999999e-01 3.2114011561485201e-01 1.4385341990710962e-03 3.1970158141578092e-01
0.0000000000000000e+00 -2.9999999999999999e-01 2.6699493948694503e-01 1.6968292312288605e-03 2.6529811025571615e-01
0.0000000000000000e+00 -2.3999999999999999e-01 2.1318127930233399e-01 1.9546296658508010e-03 2.1122664963648319e-01
0.0000000000000000e+00 -1.7999999999999999e-01 1.5964053710581899e-01 2.2118570007454582e-03 1.5742868010507352e-01
0.0000000000000000e+00 -1.2000000000000000e-01 1.0630892029614900e-01 2.4684336726535560e-03 1.0384048662349545e-01
0.0000000000000000e+00 -5.9999999999999998e-02 5.3118801095428797e-02 2.7242831735467101e-03 5.0394517921882084e-02
0.0000000000000000e+00 0.0000000000000000e+00 0.0000000000000000e+00 0.0000000000000000e+00 0.0000000000000000e+00
0.0000000000000000e+00 5.9999999999999998e-02 5.3118801095428797e-02 2.7242831735467101e-03 5.0394517921882084e-02
0.0000000000000000e+00 1.2000000000000000e-01 1.0630892029614900e-01 2.4684336726535560e-03 1.0384048662349545e-01
0.0000000000000000e+00 1.7999999999999999e-01 1.5964053710581899e-01 2.2118570007454582e-03 1.5742868010507352e-01
0.0000000000000000e+00 2.3999999999999999e-01 2.1318127930233399e-01 1.9546296658508010e-03 2.1122664963648319e-01
0.0000000000000000e+00 2.9999999999999999e-01 2.6699493948694503e-01 1.6968292312288605e-03 2.6529811025571615e-01
0.0000000000000000e+00 3.5999999999999999e-01 3.2114011561485201e-01 1.4385341990710962e-03 3.1970158141578092e-01
0.0000000000000000e+00 4.1999999999999998e-01 3.7566875636629299e-01 1.1798238893475567e-03 3.7448893247694542e-01
0.0000000000000000e+00 4.7999999999999998e-01 4.3062461804639102e-01 9.2077831428750046e-04 4.2970383973210352e-01
0.0000000000000000e+00 5.4000000000000004e-01 4.8604162486339098e-01 6.6147804902655653e-04 4.8538014681436442e-01
0.0000000000000000e+00 5.9999999999999998e-01 5.4194210644624596e-01 4.0200409899277331e-04 5.4154010234725314e-01
0.0000000000000000e+00 6.6000000000000003e-01 5.9833492772024199e-01 1.4243776463837354e-04 5.9819248995560359e-01
0.0000000000000000e+00 7.1999999999999997e-01 6.5521351389752802e-01 1.1713949584613855e-04 6.5509637440168189e-01
0.0000000000000000e+00 7.8000000000000003e-01 7.1255378037317596e-01 3.7664620517511525e-04 7.1217713416800088e-01
0.0000000000000000e+00 8.3999999999999997e-01 7.7031200677484502e-01 6.3600100629001470e-04 7.6967600576855499e-01
0.0000000000000000e+00 9.0000000000000002e-01 8.2842268627818405e-01 8.9512280167145376e-04 8.2752756347651257e-01
0.0000000000000000e+00 9.5999999999999996e-01 8.8679639930235898e-01 1.1539308919471280e-03 8.8564246841041183e-01
0.0000000000000000e+00 1.0200000000000000e+00 9.4531780994105896e-01 1.4123451131039337e-03 9.4390546482795501e-01
0.0000000000000000e+00 1.0800000000000001e+00 1.0038438633128199e+00 1.6702859716216782e-03 1.0021735773411982e+00
0.0000000000000000e+00 1.1399999999999999e+00 1.0622022593666101e+00 1.9276747768614225e-03 1.0602745845897485e+00
0.0000000000000000e+00 1.2000000000000000e+00 1.1201903947190901e+00 2.1844337700638399e-03 1.1180059609490263e+00
0.0000000000000000e+00 1.2600000000000000e+00 1.1775748950357900e+00 2.4404862493412056e-03 1.1751344087864488e+00
0.0000000000000000e+00 1.3200000000000001e+00 1.2340918142203401e+00 2.6957566900810631e-03 1.2313960575302589e+00
0.0000000000000000e+00 1.3799999999999999e+00 1.2894477578583401e+00 2.9501708602188387e-03 1.2864975869981212e+00
0.0000000000000000e+00 1.4399999999999999e+00 1.3433220632002800e+00 3.2036559298811275e-03 1.3401184072703989e+00
0.0000000000000000e+00 1.5000000000000000e+00 1.3953700476253199e+00 3.4561405749496264e-03 1.3919139070503703e+00
0.0000000000000000e+00 1.5600000000000001e+00 1.4452275147703399e+00 3.7075550741474533e-03 1.4415199596961925e+00
0.0000000000000000e+00 1.6200000000000001e+00 1.4925165881567100e+00 3.9578313993042001e-03 1.4885587567574057e+00
0.0000000000000000e+00 1.6799999999999999e+00 1.5368527241154299e+00 4.2069032985124115e-03 1.5326458208169176e+00
0.0000000000000000e+00 1.7400000000000000e+00 1.5778527740964801e+00 4.4547063719461320e-03 1.5733980677245338e+00
0.0000000000000000e+00 1.8000000000000000e+00 1.6151440904844401e+00 4.7011781401701674e-03 1.6104429123442698e+00
0.0000000000000000e+00 1.8600000000000001e+00 1.6483742519685300e+00 4.9462581048269954e-03 1.6434279938637031e+00
0.0000000000000000e+00 1.9199999999999999e+00 1.6772208158716100e+00 5.1898878016451346e-03 1.6720309280699648e+00
0.0000000000000000e+00 1.9800000000000000e+00 1.7014010795119301e+00 5.4320108457684806e-03 1.6959690686661617e+00
0.0000000000000000e+00 2.0400000000000000e+00 1.7206812741029800e+00 5.6725729694594978e-03 1.7150087011335204e+00
0.0000000000000000e+00 2.1000000000000001e+00 1.7348841895496201e+00 5.9115220522799345e-03 1.7289726674973402e+00
0.0000000000000000e+00 2.1600000000000001e+00 1.7438953637122601e+00 7.6404069445662583e-03 1.7362549567676937e+00
0.0000000000000000e+00 2.2200000000000002e+00 1.7476677563291401e+00 8.7444955628195164e-03 1.7389232607663205e+00
0.0000000000000000e+00 2.2799999999999998e+00 1.7462235299771800e+00 9.8535509214026044e-03 1.7363699790557774e+00
0.0000000000000000e+00 2.3399999999999999e+00 1.7396534782754300e+00 1.0967291353366904e-02 1.7286861869220631e+00
0.0000000000000000e+00 2.3999999999999999e+00 1.7281146251201400e+00 1.2085427997490702e-02 1.7160291971226493e+00
0.0000000000000000e+00 2.4600000000000000e+00 1.7118252086983501e+00 1.3207665135574895e-02 1.6986175435627753e+00
0.0000000000000000e+00 2.5200000000000000e+00 1.6910581991638900e+00 1.4333700550286349e-02 1.6767244986136036e+00
0.0000000000000000e+00 2.5800000000000001e+00 1.6661327717027401e+00 1.5463225902728183e-02 1.6506695458000120e+00
0.0000000000000000e+00 2.6400000000000001e+00 1.6374051019928899e+00 1.6595927128814848e-02 1.6208091748640752e+00
0.0000000000000000e+00 2.7000000000000002e+00 1.6052587896057400e+00 1.7731484853431977e-02 1.5875273047523080e+00
0.0000000000000000e+00 2.7599999999999998e+00 1.5700949005272400e+00 1.8869574821266388e-02 1.5512253257059736e+00
0.0000000000000000e+00 2.8199999999999998e+00 1.5323224670594600e+00 2.0009868343101641e-02 1.5123125987163584e+00
0.0000000000000000e+00 2.8799999999999999e+00 1.4923498695676001e+00 2.1152032756291947e-02 1.4711978368113081e+00
0.0000000000000000e+00 2.9399999999999999e+00 1.4505770376250300e+00 2.2295731898048222e-02 1.4282813057269819e+00
0.0000000000000000e+00 3.0000000000000000e+00 1.4073888139793600e+00 2.3440626590101151e-02 1.3839481873892590e+00
0.0000000000000000e+00 3.0600000000000001e+00 1.3631496671334600e+00 2.4586375133241183e-02 1.3385632920002188e+00
0.0000000000000000e+00 3.1200000000000001e+00 1.3181996155797400e+00 2.5732633810182315e-02 1.2924669817695578e+00
0.0000000000000000e+00 3.1800000000000002e+00 1.2728513199701901e+00 2.6879057395148800e-02 1.2459722625750413e+00
0.0000000000000000e+00 3.2400000000000002e+00 1.2273883306177999e+00 2.8025299668547762e-02 1.1993630309492522e+00
0.0000000000000000e+00 3.2999999999999998e+00 1.1820643352501199e+00 2.9171013935061479e-02 1.1528933213150585e+00
0.0000000000000000e+00 3.3599999999999999e+00 1.1371031751286900e+00 3.0315853543475796e-02 1.1067873215852142e+00
0.0000000000000000e+00 3.4199999999999999e+00 1.0926995595549001e+00 3.1459472406551198e-02 1.0612400871483489e+00
0.0000000000000000e+00 3.4800000000000000e+00 1.0490203454189599e+00 3.2601525519245882e-02 1.0164188198997142e+00
0.0000000000000000e+00 3.5400000000000000e+00 1.0062061535665701e+00 3.3741669473608626e-02 9.7246448409296149e-01
0.0000000000000000e+00 3.6000000000000001e+00 9.6437325545977004e-01 3.4879562968681790e-02 9.2949369249108826e-01
0.0000000000000000e+00 3.6600000000000001e+00 9.2361565147057900e-01 3.6014867313783575e-02 8.8760078415679544e-01
0.0000000000000000e+00 3.7200000000000002e+00 8.8400718996877103e-01 3.7147246923577709e-02 8.4685994304519330e-01
0.0000000000000000e+00 3.7799999999999998e+00 8.4560368179398304e-01 3.8276369803387375e-02 8.0732731199059571e-01
0.0000000000000000e+00 3.8399999999999999e+00 8.0844498122263897e-01 3.9401908023265542e-02 7.6904307319937337e-01
0.0000000000000000e+00 3.8999999999999999e+00 7.7255696617159297e-01 4.0523538179398112e-02 7.3203342799219484e-01
0.0000000000000000e+00 3.9600000000000000e+00 7.3795338409275901e-01 4.1640941841488428e-02 6.9631244225127054e-01
0.0000000000000000e+00 4.0199999999999996e+00 7.0463756906475405e-01 4.2753805984848313e-02 6.6188376307990571e-01
0.0000000000000000e+00 4.0800000000000001e+00 6.7260401954665905e-01 4.3861823406006438e-02 6.2874219614065263e-01
0.0000000000000000e+00 4.1399999999999997e+00 6.4183980837747900e-01 4.4964693120732119e-02 5.9687511525674686e-01
0.0000000000000000e+00 4.2000000000000002e+00 6.1232584906792598e-01 4.6062120743468937e-02 5.6626372832445704e-01
0.0000000000000000e+00 4.2599999999999998e+00 5.8403803163206602e-01 4.8383895930746171e-02 5.3565413570131981e-01
0.0000000000000000e+00 4.3200000000000003e+00 5.5694820933923594e-01 4.7962270633698442e-02 5.0898593870553754e-01
0.0000000000000000e+00 4.3799999999999999e+00 5.3102506082301004e-01 4.7535505232399800e-02 4.8348955559061024e-01
0.0000000000000000e+00 4.4400000000000004e+00 5.0623484790581796e-01 4.7103732118465372e-02 4.5913111578735261e-01
0.0000000000000000e+00 4.5000000000000000e+00 4.8254206093709101e-01 4.6667089927298823e-02 4.3587497100979217e-01
0.0000000000000000e+00 4.5599999999999996e+00 4.5990996791621203e-01 4.6225723388093477e-02 4.1368424452811853e-01
0.0000000000000000e+00 4.6200000000000001e+00 4.3830108636475401e-01 4.5779783156765161e-02 3.9252130320798884e-01
0.0000000000000000e+00 4.6799999999999997e+00 4.1767758032231400e-01 4.5329425632075385e-02 3.7234815469023863e-01
0.0000000000000000e+00 4.7400000000000002e+00 3.9800158679142500e-01 4.4874812755283031e-02 3.5312677403614195e-01
0.0000000000000000e+00 4.7999999999999998e+00 3.7923548839286497e-01 4.4416111793738902e-02 3.3481937659912608e-01
0.0000000000000000e+00 4.8600000000000003e+00 3.6134214050171398e-01 4.3953495108915941e-02 3.1738864539279804e-01
0.0000000000000000e+00 4.9199999999999999e+00 3.4428504886943700e-01 4.3487139909443265e-02 3.0079790895999375e-01
0.0000000000000000e+00 4.9800000000000004e+00 3.2802851177106401e-01 4.3017227989786147e-02 2.8501128378127788e-01
0.0000000000000000e+00 5.0400000000000000e+00 3.1253773582634198e-01 4.2543945455287072e-02 2.6999379037105492e-01
0.0000000000000000e+00 5.0999999999999996e+00 2.9777891949563601e-01 4.2067482434350864e-02 2.5571143706128513e-01
0.0000000000000000e+00 5.1600000000000001e+00 2.8371931370994302e-01 4.1588032778623621e-02 2.4213128093131941e-01
0.0000000000000000e+00 5.2199999999999998e+00 2.7032726774692500e-01 4.1105793752076659e-02 2.2922147399484835e-01
0.0000000000000000e+00 5.2800000000000002e+00 2.5757225613502899e-01 4.0620965709964894e-02 2.1695129042506409e-01
0.0000000000000000e+00 5.3399999999999999e+00 2.4542489088104599e-01 4.0133751768681052e-02 2.0529113911236493e-01
0.0000000000000000e+00 5.4000000000000004e+00 2.3385692520671600e-01 3.9644357467575497e-02 1.9421256773914050e-01
0.0000000000000000e+00 5.4600000000000000e+00 2.2284124851435599e-01 3.9152990423853333e-02 1.8368825809050265e-01
0.0000000000000000e+00 5.5199999999999996e+00 2.1235187132657299e-01 3.8659859981696167e-02 1.7369201134487683e-01
0.0000000000000000e+00 5.5800000000000001e+00 2.0236390563765400e-01 3.8165176856786394e-02 1.6419872878086761e-01
0.0000000000000000e+00 5.6399999999999997e+00 1.9285354275890401e-01 3.7669152777434989e-02 1.5518438998146902e-01
0.0000000000000000e+00 5.7000000000000002e+00 1.8379802445494900e-01 3.7172000123530155e-02 1.4662602433141886e-01
0.0000000000000000e+00 5.7599999999999998e+00 1.7517561184942099e-01 3.6673931564535155e-02 1.3850168028488583e-01
0.0000000000000000e+00 5.8200000000000003e+00 1.6696555489752599e-01 3.6175159697765587e-02 1.3079039519976041e-01
0.0000000000000000e+00 5.8799999999999999e+00 1.5914805804638099e-01 3.5675896688172934e-02 1.2347216135820806e-01
0.0000000000000000e+00 5.9400000000000004e+00 1.5170424485822301e-01 3.5176353910851312e-02 1.1652789094737170e-01
0.0000000000000000e+00 6.0000000000000000e+00 1.4461612427661599e-01 3.4676741597465595e-02 1.0993938267915040e-01
