0.0000000000000000e+00 -6.0000000000000000e+00 3.4676741597465595e-02
0.0000000000000000e+00 -5.9400000000000004e+00 3.5176353910851312e-02
0.0000000000000000e+00 -5.8799999999999999e+00 3.5675896688172934e-02
0.0000000000000000e+00 -5.8200000000000003e+00 3.6175159697765587e-02
0.0000000000000000e+00 -5.7599999999999998e+00 3.6673931564535155e-02
0.0000000000000000e+00 -5.7000000000000002e+00 3.7172000123530155e-02
0.0000000000000000e+00 -5.6399999999999997e+00 3.7669152777434989e-02
0.0000000000000000e+00 -5.5800000000000001e+00 3.8165176856786394e-02
0.0000000000000000e+00 -5.5199999999999996e+00 3.8659859981696167e-02
0.0000000000000000e+00 -5.4600000000000000e+00 3.9152990423853333e-02
0.0000000000000000e+00 -5.4000000000000004e+00 3.9644357467575497e-02
0.0000000000000000e+00 -5.3399999999999999e+00 4.0133751768681052e-02
0.0000000000000000e+00 -5.2800000000000002e+00 4.0620965709964894e-02
0.0000000000000000e+00 -5.2199999999999998e+00 4.1105793752076659e-02
0.0000000000000000e+00 -5.1600000000000001e+00 4.1588032778623621e-02
0.0000000000000000e+00 -5.0999999999999996e+00 4.2067482434350864e-02
0.0000000000000000e+00 -5.0400000000000000e+00 4.2543945455287072e-02
0.0000000000000000e+00 -4.9800000000000004e+00 4.3017227989786147e-02
0.0000000000000000e+00 -4.9199999999999999e+00 4.3487139909443265e-02
0.0000000000000000e+00 -4.8600000000000003e+00 4.3953495108915941e-02
0.0000000000000000e+00 -4.7999999999999998e+00 4.4416111793738902e-02
0.0000000000000000e+00 -4.7400000000000002e+00 4.4874812755283031e-02
0.0000000000000000e+00 -4.6799999999999997e+00 4.5329425632075385e-02
0.0000000000000000e+00 -4.6200000000000001e+00 4.5779783156765161e-02
0.0000000000000000e+00 -4.5599999999999996e+00 4.6225723388093477e-02
0.0000000000000000e+00 -4.5000000000000000e+00 4.6667089927298823e-02
0.0000000000000000e+00 -4.4400000000000004e+00 4.7103732118465372e-02
0.0000000000000000e+00 -4.3799999999999999e+00 4.7535505232399800e-02
0.0000000000000000e+00 -4.3200000000000003e+00 4.7962270633698442e-02
0.0000000000000000e+00 -4.2599999999999998e+00 4.8383895930746171e-02
0.0000000000000000e+00 -4.2000000000000002e+00 4.6062120743468937e-02
0.0000000000000000e+00 -4.1399999999999997e+00 4.4964693120732119e-02
0.0000000000000000e+00 -4.0800000000000001e+00 4.3861823406006438e-02
0.0000000000000000e+00 -4.0199999999999996e+00 4.2753805984848313e-02
0.0000000000000000e+00 -3.9600000000000000e+00 4.1640941841488428e-02
0.0000000000000000e+00 -3.8999999999999999e+00 4.0523538179398112e-02
0.0000000000000000e+00 -3.8399999999999999e+00 3.9401908023265542e-02
0.0000000000000000e+00 -3.7799999999999998e+00 3.8276369803387375e-02
0.0000000000000000e+00 -3.7200000000000002e+00 3.7147246923577709e-02
0.0000000000000000e+00 -3.6600000000000001e+00 3.6014867313783575e-02
0.0000000000000000e+00 -3.6000000000000001e+00 3.4879562968681790e-02
0.0000000000000000e+00 -3.5400000000000000e+00 3.3741669473608626e-02
0.0000000000000000e+00 -3.4800000000000000e+00 3.2601525519245882e-02
0.0000000000000000e+00 -3.4199999999999999e+00 3.1459472406551198e-02
0.0000000000000000e+00 -3.3599999999999999e+00 3.0315853543475796e-02
0.0000000000000000e+00 -3.2999999999999998e+00 2.9171013935061479e-02
0.0000000000000000e+00 -3.2400000000000002e+00 2.8025299668547762e-02
0.0000000000000000e+00 -3.1800000000000002e+00 2.6879057395148800e-02
0.0000000000000000e+00 -3.1200000000000001e+00 2.5732633810182315e-02
0.0000000000000000e+00 -3.0600000000000001e+00 2.4586375133241183e-02
0.0000000000000000e+00 -3.0000000000000000e+00 2.3440626590101151e-02
0.0000000000000000e+00 -2.9399999999999999e+00 2.2295731898048222e-02
0.0000000000000000e+00 -2.8799999999999999e+00 2.1152032756291947e-02
0.0000000000000000e+00 -2.8199999999999998e+00 2.0009868343101641e-02
0.0000000000000000e+00 -2.7599999999999998e+00 1.8869574821266388e-02
0.0000000000000000e+00 -2.7000000000000002e+00 1.7731484853431977e-02
0.0000000000000000e+00 -2.6400000000000001e+00 1.6595927128814848e-02
0.0000000000000000e+00 -2.5800000000000001e+00 1.5463225902728183e-02
0.0000000000000000e+00 -2.5200000000000000e+00 1.4333700550286349e-02
0.0000000000000000e+00 -2.4600000000000000e+00 1.3207665135574895e-02
0.0000000000000000e+00 -2.3999999999999999e+00 1.2085427997490702e-02
0.0000000000000000e+00 -2.3399999999999999e+00 1.0967291353366904e-02
0.0000000000000000e+00 -2.2799999999999998e+00 9.8535509214026044e-03
0.0000000000000000e+00 -2.2200000000000002e+00 8.7444955628195164e-03
0.0000000000000000e+00 -2.1600000000000001e+00 7.6404069445662583e-03
0.0000000000000000e+00 -2.1000000000000001e+00 5.9115220522799345e-03
0.0000000000000000e+00 -2.0400000000000000e+00 5.6725729694594978e-03
0.0000000000000000e+00 -1.9800000000000000e+00 5.4320108457684806e-03
0.0000000000000000e+00 -1.9199999999999999e+00 5.1898878016451346e-03
0.0000000000000000e+00 -1.8600000000000001e+00 4.9462581048269954e-03
0.0000000000000000e+00 -1.8000000000000000e+00 4.7011781401701674e-03
0.0000000000000000e+00 -1.7400000000000000e+00 4.4547063719461320e-03
0.0000000000000000e+00 -1.6799999999999999e+00 4.2069032985124115e-03
0.0000000000000000e+00 -1.6200000000000001e+00 3.9578313993042001e-03
0.0000000000000000e+00 -1.5600000000000001e+00 3.7075550741474533e-03
0.0000000000000000e+00 -1.5000000000000000e+00 3.4561405749496264e-03
0.0000000000000000e+00 -1.4399999999999999e+00 3.2036559298811275e-03
0.0000000000000000e+00 -1.3799999999999999e+00 2.9501708602188387e-03
0.0000000000000000e+00 -1.3200000000000001e+00 2.6957566900810631e-03
0.0000000000000000e+00 -1.2600000000000000e+00 2.4404862493412056e-03
0.0000000000000000e+00 -1.2000000000000000e+00 2.1844337700638399e-03
0.0000000000000000e+00 -1.1399999999999999e+00 1.9276747768614225e-03
0.0000000000000000e+00 -1.0800000000000001e+00 1.6702859716216782e-03
0.0000000000000000e+00 -1.0200000000000000e+00 1.4123451131039337e-03
0.0000000000000000e+00 -9.5999999999999996e-01 1.1539308919471280e-03
0.0000000000000000e+00 -9.0000000000000002e-01 8.9512280167145376e-04
0.0000000000000000e+00 -8.3999999999999997e-01 6.3600100629001470e-04
0.0000000000000000e+00 -7.8000000000000003e-01 3.7664620517511525e-04
0.0000000000000000e+00 -7.1999999999999997e-01 1.1713949584613855e-04
0.0000000000000000e+00 -6.6000000000000003e-01 1.4243776463837354e-04
0.0000000000000000e+00 -5.9999999999999998e-01 4.0200409899277331e-04
0.0000000000000000e+00 -5.4000000000000004e-01 6.6147804902655653e-04
0.0000000000000000e+00 -4.7999999999999998e-01 9.2077831428750046e-04
0.0000000000000000e+00 -4.1999999999999998e-01 1.1798238893475567e-03
0.0000000000000000e+00 -3.5999999999999999e-01 1.4385341990710962e-03
0.0000000000000000e+00 -2.9999999999999999e-01 1.6968292312288605e-03
0.0000000000000000e+00 -2.3999999999999999e-01 1.9546296658508010e-03
0.0000000000000000e+00 -1.7999999999999999e-01 2.2118570007454582e-03
0.0000000000000000e+00 -1.2000000000000000e-01 2.4684336726535560e-03
0.0000000000000000e+00 -5.9999999999999998e-02 2.7242831735467101e-03
0.0000000000000000e+00 0.0000000000000000e+00 0.0000000000000000e+00
0.0000000000000000e+00 5.9999999999999998e-02 2.7242831735467101e-03
0.0000000000000000e+00 1.2000000000000000e-01 2.4684336726535560e-03
0.0000000000000000e+00 1.7999999999999999e-01 2.2118570007454582e-03
0.0000000000000000e+00 2.3999999999999999e-01 1.9546296658508010e-03
0.0000000000000000e+00 2.9999999999999999e-01 1.6968292312288605e-03
0.0000000000000000e+00 3.5999999999999999e-01 1.4385341990710962e-03
0.0000000000000000e+00 4.1999999999999998e-01 1.1798238893475567e-03
0.0000000000000000e+00 4.7999999999999998e-01 9.2077831428750046e-04
0.0000000000000000e+00 5.4000000000000004e-01 6.6147804902655653e-04
0.0000000000000000e+00 5.9999999999999998e-01 4.0200409899277331e-04
0.0000000000000000e+00 6.6000000000000003e-01 1.4243776463837354e-04
0.0000000000000000e+00 7.1999999999999997e-01 1.1713949584613855e-04
0.0000000000000000e+00 7.8000000000000003e-01 3.7664620517511525e-04
0.0000000000000000e+00 8.3999999999999997e-01 6.3600100629001470e-04
0.0000000000000000e+00 9.0000000000000002e-01 8.9512280167145376e-04
0.0000000000000000e+00 9.5999999999999996e-01 1.1539308919471280e-03
0.0000000000000000e+00 1.0200000000000000e+00 1.4123451131039337e-03
0.0000000000000000e+00 1.0800000000000001e+00 1.6702859716216782e-03
0.0000000000000000e+00 1.1399999999999999e+00 1.9276747768614225e-03
0.0000000000000000e+00 1.2000000000000000e+00 2.1844337700638399e-03
0.0000000000000000e+00 1.2600000000000000e+00 2.4404862493412056e-03
0.0000000000000000e+00 1.3200000000000001e+00 2.6957566900810631e-03
0.0000000000000000e+00 1.3799999999999999e+00 2.9501708602188387e-03
0.0000000000000000e+00 1.4399999999999999e+00 3.2036559298811275e-03
0.0000000000000000e+00 1.5000000000000000e+00 3.4561405749496264e-03
0.0000000000000000e+00 1.5600000000000001e+00 3.7075550741474533e-03
0.0000000000000000e+00 1.6200000000000001e+00 3.9578313993042001e-03
0.0000000000000000e+00 1.6799999999999999e+00 4.2069032985124115e-03
0.0000000000000000e+00 1.7400000000000000e+00 4.4547063719461320e-03
0.0000000000000000e+00 1.8000000000000000e+00 4.7011781401701674e-03
0.0000000000000000e+00 1.8600000000000001e+00 4.9462581048269954e-03
0.0000000000000000e+00 1.9199999999999999e+00 5.1898878016451346e-03
0.0000000000000000e+00 1.9800000000000000e+00 5.4320108457684806e-03
0.0000000000000000e+00 2.0400000000000000e+00 5.6725729694594978e-03
0.0000000000000000e+00 2.1000000000000001e+00 5.9115220522799345e-03
0.0000000000000000e+00 2.1600000000000001e+00 7.6404069445662583e-03
0.0000000000000000e+00 2.2200000000000002e+00 8.7444955628195164e-03
0.0000000000000000e+00 2.2799999999999998e+00 9.8535509214026044e-03
0.0000000000000000e+00 2.3399999999999999e+00 1.0967291353366904e-02
0.0000000000000000e+00 2.3999999999999999e+00 1.2085427997490702e-02
0.0000000000000000e+00 2.4600000000000000e+00 1.3207665135574895e-02
0.0000000000000000e+00 2.5200000000000000e+00 1.4333700550286349e-02
0.0000000000000000e+00 2.5800000000000001e+00 1.5463225902728183e-02
0.0000000000000000e+00 2.6400000000000001e+00 1.6595927128814848e-02
0.0000000000000000e+00 2.7000000000000002e+00 1.7731484853431977e-02
0.0000000000000000e+00 2.7599999999999998e+00 1.8869574821266388e-02
0.0000000000000000e+00 2.8199999999999998e+00 2.0009868343101641e-02
0.0000000000000000e+00 2.8799999999999999e+00 2.1152032756291947e-02
0.0000000000000000e+00 2.9399999999999999e+00 2.2295731898048222e-02
0.0000000000000000e+00 3.0000000000000000e+00 2.3440626590101151e-02
0.0000000000000000e+00 3.0600000000000001e+00 2.4586375133241183e-02
0.0000000000000000e+00 3.1200000000000001e+00 2.5732633810182315e-02
0.0000000000000000e+00 3.1800000000000002e+00 2.6879057395148800e-02
0.0000000000000000e+00 3.2400000000000002e+00 2.8025299668547762e-02
0.0000000000000000e+00 3.2999999999999998e+00 2.9171013935061479e-02
0.0000000000000000e+00 3.3599999999999999e+00 3.0315853543475796e-02
0.0000000000000000e+00 3.4199999999999999e+00 3.1459472406551198e-02
0.0000000000000000e+00 3.4800000000000000e+00 3.2601525519245882e-02
0.0000000000000000e+00 3.5400000000000000e+00 3.3741669473608626e-02
0.0000000000000000e+00 3.6000000000000001e+00 3.4879562968681790e-02
0.0000000000000000e+00 3.6600000000000001e+00 3.6014867313783575e-02
0.0000000000000000e+00 3.7200000000000002e+00 3.7147246923577709e-02
0.0000000000000000e+00 3.7799999999999998e+00 3.8276369803387375e-02
0.0000000000000000e+00 3.8399999999999999e+00 3.9401908023265542e-02
0.0000000000000000e+00 3.8999999999999999e+00 4.0523538179398112e-02
0.0000000000000000e+00 3.9600000000000000e+00 4.1640941841488428e-02
0.0000000000000000e+00 4.0199999999999996e+00 4.2753805984848313e-02
0.0000000000000000e+00 4.0800000000000001e+00 4.3861823406006438e-02
0.0000000000000000e+00 4.1399999999999997e+00 4.4964693120732119e-02
0.0000000000000000e+00 4.2000000000000002e+00 4.6062120743468937e-02
0.0000000000000000e+00 4.2599999999999998e+00 4.8383895930746171e-02
0.0000000000000000e+00 4.3200000000000003e+00 4.7962270633698442e-02
0.0000000000000000e+00 4.3799999999999999e+00 4.7535505232399800e-02
0.0000000000000000e+00 4.4400000000000004e+00 4.7103732118465372e-02
0.0000000000000000e+00 4.5000000000000000e+00 4.6667089927298823e-02
0.0000000000000000e+00 4.5599999999999996e+00 4.6225723388093477e-02
0.0000000000000000e+00 4.6200000000000001e+00 4.5779783156765161e-02
0.0000000000000000e+00 4.6799999999999997e+00 4.5329425632075385e-02
0.0000000000000000e+00 4.7400000000000002e+00 4.4874812755283031e-02
0.0000000000000000e+00 4.7999999999999998e+00 4.4416111793738902e-02
0.0000000000000000e+00 4.8600000000000003e+00 4.3953495108915941e-02
0.0000000000000000e+00 4.9199999999999999e+00 4.3487139909443265e-02
0.0000000000000000e+00 4.9800000000000004e+00 4.3017227989786147e-02
0.0000000000000000e+00 5.0400000000000000e+00 4.2543945455287072e-02
0.0000000000000000e+00 5.0999999999999996e+00 4.2067482434350864e-02
0.0000000000000000e+00 5.1600000000000001e+00 4.1588032778623621e-02
0.0000000000000000e+00 5.2199999999999998e+00 4.1105793752076659e-02
0.0000000000000000e+00 5.2800000000000002e+00 4.0620965709964894e-02
0.0000000000000000e+00 5.3399999999999999e+00 4.0133751768681052e-02
0.0000000000000000e+00 5.4000000000000004e+00 3.9644357467575497e-02
0.0000000000000000e+00 5.4600000000000000e+00 3.9152990423853333e-02
0.0000000000000000e+00 5.5199999999999996e+00 3.8659859981696167e-02
0.0000000000000000e+00 5.5800000000000001e+00 3.8165176856786394e-02
0.0000000000000000e+00 5.6399999999999997e+00 3.7669152777434989e-02
0.0000000000000000e+00 5.7000000000000002e+00 3.7172000123530155e-02
0.0000000000000000e+00 5.7599999999999998e+00 3.6673931564535155e-02
0.0000000000000000e+00 5.8200000000000003e+00 3.6175159697765587e-02
0.0000000000000000e+00 5.8799999999999999e+00 3.5675896688172934e-02
0.0000000000000000e+00 5.9400000000000004e+00 3.5176353910851312e-02
0.0000000000000000e+00 6.0000000000000000e+00 3.4676741597465595e-02
