0.0000000000000000e+00 -6.0000000000000000e+00 1.4421489517020789e-01
0.0000000000000000e+00 -5.9400000000000004e+00 1.5131190518619128e-01
0.0000000000000000e+00 -5.8799999999999999e+00 1.5876462729062546e-01
0.0000000000000000e+00 -5.8200000000000003e+00 1.6659105257721710e-01
0.0000000000000000e+00 -5.7599999999999998e+00 1.7481005751449408e-01
0.0000000000000000e+00 -5.7000000000000002e+00 1.8344143767960039e-01
0.0000000000000000e+00 -5.6399999999999997e+00 1.9250594313509184e-01
0.0000000000000000e+00 -5.5800000000000001e+00 2.0202531276860705e-01
0.0000000000000000e+00 -5.5199999999999996e+00 2.1202230482031043e-01
0.0000000000000000e+00 -5.4600000000000000e+00 2.2252072797722108e-01
0.0000000000000000e+00 -5.4000000000000004e+00 2.3354547023692707e-01
0.0000000000000000e+00 -5.3399999999999999e+00 2.4512252106226759e-01
0.0000000000000000e+00 -5.2800000000000002e+00 2.5727899102996632e-01
0.0000000000000000e+00 -5.2199999999999998e+00 2.7004312689094478e-01
0.0000000000000000e+00 -5.1600000000000001e+00 2.8344431660472363e-01
0.0000000000000000e+00 -5.0999999999999996e+00 2.9751308560285050e-01
0.0000000000000000e+00 -5.0400000000000000e+00 3.1228108456137632e-01
0.0000000000000000e+00 -4.9800000000000004e+00 3.2778106249677424e-01
0.0000000000000000e+00 -4.9199999999999999e+00 3.4404682088994776e-01
0.0000000000000000e+00 -4.8600000000000003e+00 3.6111315305626202e-01
0.0000000000000000e+00 -4.7999999999999998e+00 3.7901576064969006e-01
0.0000000000000000e+00 -4.7400000000000002e+00 3.9779113784171161e-01
0.0000000000000000e+00 -4.6799999999999997e+00 4.1747642917418676e-01
0.0000000000000000e+00 -4.6200000000000001e+00 4.3810925193732919e-01
0.0000000000000000e+00 -4.5599999999999996e+00 4.5972746903370909e-01
0.0000000000000000e+00 -4.5000000000000000e+00 4.8236891632300594e-01
0.0000000000000000e+00 -4.4400000000000004e+00 5.0607107617716174e-01
0.0000000000000000e+00 -4.3799999999999999e+00 5.3087068048461572e-01
0.0000000000000000e+00 -4.3200000000000003e+00 5.5680323877813542e-01
0.0000000000000000e+00 -4.2599999999999998e+00 5.8390248911194087e-01
0.0000000000000000e+00 -4.2000000000000002e+00 6.1219975272363458e-01
0.0000000000000000e+00 -4.1399999999999997e+00 6.4172317620966179e-01
0.0000000000000000e+00 -4.0800000000000001e+00 6.7249686941642561e-01
0.0000000000000000e+00 -4.0199999999999996e+00 7.0453991868845411e-01
0.0000000000000000e+00 -3.9600000000000000e+00 7.3786525103683964e-01
0.0000000000000000e+00 -3.8999999999999999e+00 7.7247836784754487e-01
0.0000000000000000e+00 -3.8399999999999999e+00 8.0837593488203408e-01
0.0000000000000000e+00 -3.7799999999999998e+00 8.4554420452360557e-01
0.0000000000000000e+00 -3.7200000000000002e+00 8.8395729868584483e-01
0.0000000000000000e+00 -3.6600000000000001e+00 9.2357536291809272e-01
0.0000000000000000e+00 -3.6000000000000001e+00 9.6434258620190305e-01
0.0000000000000000e+00 -3.5400000000000000e+00 1.0061851199842207e+00
0.0000000000000000e+00 -3.4800000000000000e+00 1.0490089637053779e+00
0.0000000000000000e+00 -3.4199999999999999e+00 1.0926978457114263e+00
0.0000000000000000e+00 -3.3599999999999999e+00 1.1370952052967758e+00
0.0000000000000000e+00 -3.2999999999999998e+00 1.1820466661376408e+00
0.0000000000000000e+00 -3.2400000000000002e+00 1.2273609468236117e+00
0.0000000000000000e+00 -3.1800000000000002e+00 1.2728142063009973e+00
0.0000000000000000e+00 -3.1200000000000001e+00 1.3181527570537954e+00
0.0000000000000000e+00 -3.0600000000000001e+00 1.3630930489841482e+00
0.0000000000000000e+00 -3.0000000000000000e+00 1.4073224216586624e+00
0.0000000000000000e+00 -2.9399999999999999e+00 1.4505008568068682e+00
0.0000000000000000e+00 -2.8799999999999999e+00 1.4922638861510602e+00
0.0000000000000000e+00 -2.8199999999999998e+00 1.5322266671718916e+00
0.0000000000000000e+00 -2.7599999999999998e+00 1.5699892705272338e+00
0.0000000000000000e+00 -2.7000000000000002e+00 1.6051433160859785e+00
0.0000000000000000e+00 -2.6400000000000001e+00 1.6372797717828727e+00
0.0000000000000000e+00 -2.5800000000000001e+00 1.6659975718713822e+00
0.0000000000000000e+00 -2.5200000000000000e+00 1.6909131170219918e+00
0.0000000000000000e+00 -2.4600000000000000e+00 1.7116702318009391e+00
0.0000000000000000e+00 -2.3999999999999999e+00 1.7279497412686826e+00
0.0000000000000000e+00 -2.3399999999999999e+00 1.7394786755199130e+00
0.0000000000000000e+00 -2.2799999999999998e+00 1.7460387966180617e+00
0.0000000000000000e+00 -2.2200000000000002e+00 1.7474730809191699e+00
0.0000000000000000e+00 -2.1600000000000001e+00 1.7436907350581670e+00
0.0000000000000000e+00 -2.1000000000000001e+00 1.7346695967136678e+00
0.0000000000000000e+00 -2.0400000000000000e+00 1.7204567064043923e+00
0.0000000000000000e+00 -1.9800000000000000e+00 1.7011665265281808e+00
0.0000000000000000e+00 -1.9199999999999999e+00 1.6769762674395832e+00
0.0000000000000000e+00 -1.8600000000000001e+00 1.6481196981855459e+00
0.0000000000000000e+00 -1.8000000000000000e+00 1.6148795217091494e+00
0.0000000000000000e+00 -1.7400000000000000e+00 1.5775781809496265e+00
0.0000000000000000e+00 -1.6799999999999999e+00 1.5365680974804796e+00
0.0000000000000000e+00 -1.6200000000000001e+00 1.4922219191803501e+00
0.0000000000000000e+00 -1.5600000000000001e+00 1.4449227948628458e+00
0.0000000000000000e+00 -1.5000000000000000e+00 1.3950552684607915e+00
0.0000000000000000e+00 -1.4399999999999999e+00 1.3429972167167485e+00
0.0000000000000000e+00 -1.3799999999999999e+00 1.2891128362577438e+00
0.0000000000000000e+00 -1.3200000000000001e+00 1.2337468099683726e+00
0.0000000000000000e+00 -1.2600000000000000e+00 1.1772198008616201e+00
0.0000000000000000e+00 -1.2000000000000000e+00 1.1198252036149547e+00
0.0000000000000000e+00 -1.1399999999999999e+00 1.0618269645872800e+00
0.0000000000000000e+00 -1.0800000000000001e+00 1.0034584583749413e+00
0.0000000000000000e+00 -1.0200000000000000e+00 9.4492228862237015e-01
0.0000000000000000e+00 -9.5999999999999996e-01 8.8639075564078507e-01
0.0000000000000000e+00 -9.0000000000000002e-01 8.2800691457080877e-01
0.0000000000000000e+00 -8.3999999999999997e-01 7.6988610157676285e-01
0.0000000000000000e+00 -7.8000000000000003e-01 7.1211773649622478e-01
0.0000000000000000e+00 -7.1999999999999997e-01 6.5476732640890423e-01
0.0000000000000000e+00 -6.6000000000000003e-01 5.9787859194099968e-01
0.0000000000000000e+00 -5.9999999999999998e-01 5.4147561794968102e-01
0.0000000000000000e+00 -5.4000000000000004e-01 4.8556497947331279e-01
0.0000000000000000e+00 -4.7999999999999998e-01 4.3013781183528221e-01
0.0000000000000000e+00 -4.1999999999999998e-01 3.7517178565336018e-01
0.0000000000000000e+00 -3.5999999999999999e-01 3.2063297696396836e-01
0.0000000000000000e+00 -2.9999999999999999e-01 2.6647762970448702e-01
0.0000000000000000e+00 -2.3999999999999999e-01 2.1265379543491414e-01
0.0000000000000000e+00 -1.7999999999999999e-01 1.5910287643791649e-01
0.0000000000000000e+00 -1.2000000000000000e-01 1.0576108034764028e-01
0.0000000000000000e+00 -5.9999999999999998e-02 5.2560779619019997e-02
0.0000000000000000e+00 0.0000000000000000e+00 0.0000000000000000e+00
0.0000000000000000e+00 5.9999999999999998e-02 5.2560779619019997e-02
0.0000000000000000e+00 1.2000000000000000e-01 1.0576108034764028e-01
0.0000000000000000e+00 1.7999999999999999e-01 1.5910287643791649e-01
0.0000000000000000e+00 2.3999999999999999e-01 2.1265379543491414e-01
0.0000000000000000e+00 2.9999999999999999e-01 2.6647762970448702e-01
0.0000000000000000e+00 3.5999999999999999e-01 3.2063297696396836e-01
0.0000000000000000e+00 4.1999999999999998e-01 3.7517178565336018e-01
0.0000000000000000e+00 4.7999999999999998e-01 4.3013781183528221e-01
0.0000000000000000e+00 5.4000000000000004e-01 4.8556497947331279e-01
0.0000000000000000e+00 5.9999999999999998e-01 5.4147561794968102e-01
0.0000000000000000e+00 6.6000000000000003e-01 5.9787859194099968e-01
0.0000000000000000e+00 7.1999999999999997e-01 6.5476732640890423e-01
0.0000000000000000e+00 7.8000000000000003e-01 7.1211773649622478e-01
0.0000000000000000e+00 8.3999999999999997e-01 7.6988610157676285e-01
0.0000000000000000e+00 9.0000000000000002e-01 8.2800691457080877e-01
0.0000000000000000e+00 9.5999999999999996e-01 8.8639075564078507e-01
0.0000000000000000e+00 1.0200000000000000e+00 9.4492228862237015e-01
0.0000000000000000e+00 1.0800000000000001e+00 1.0034584583749413e+00
0.0000000000000000e+00 1.1399999999999999e+00 1.0618269645872800e+00
0.0000000000000000e+00 1.2000000000000000e+00 1.1198252036149547e+00
0.0000000000000000e+00 1.2600000000000000e+00 1.1772198008616201e+00
0.0000000000000000e+00 1.3200000000000001e+00 1.2337468099683726e+00
0.0000000000000000e+00 1.3799999999999999e+00 1.2891128362577438e+00
0.0000000000000000e+00 1.4399999999999999e+00 1.3429972167167485e+00
0.0000000000000000e+00 1.5000000000000000e+00 1.3950552684607915e+00
0.0000000000000000e+00 1.5600000000000001e+00 1.4449227948628458e+00
0.0000000000000000e+00 1.6200000000000001e+00 1.4922219191803501e+00
0.0000000000000000e+00 1.6799999999999999e+00 1.5365680974804796e+00
0.0000000000000000e+00 1.7400000000000000e+00 1.5775781809496265e+00
0.0000000000000000e+00 1.8000000000000000e+00 1.6148795217091494e+00
0.0000000000000000e+00 1.8600000000000001e+00 1.6481196981855459e+00
0.0000000000000000e+00 1.9199999999999999e+00 1.6769762674395832e+00
0.0000000000000000e+00 1.9800000000000000e+00 1.7011665265281808e+00
0.0000000000000000e+00 2.0400000000000000e+00 1.7204567064043923e+00
0.0000000000000000e+00 2.1000000000000001e+00 1.7346695967136678e+00
0.0000000000000000e+00 2.1600000000000001e+00 1.7436907350581670e+00
0.0000000000000000e+00 2.2200000000000002e+00 1.7474730809191699e+00
0.0000000000000000e+00 2.2799999999999998e+00 1.7460387966180617e+00
0.0000000000000000e+00 2.3399999999999999e+00 1.7394786755199130e+00
0.0000000000000000e+00 2.3999999999999999e+00 1.7279497412686826e+00
0.0000000000000000e+00 2.4600000000000000e+00 1.7116702318009391e+00
0.0000000000000000e+00 2.5200000000000000e+00 1.6909131170219918e+00
0.0000000000000000e+00 2.5800000000000001e+00 1.6659975718713822e+00
0.0000000000000000e+00 2.6400000000000001e+00 1.6372797717828727e+00
0.0000000000000000e+00 2.7000000000000002e+00 1.6051433160859785e+00
0.0000000000000000e+00 2.7599999999999998e+00 1.5699892705272338e+00
0.0000000000000000e+00 2.8199999999999998e+00 1.5322266671718916e+00
0.0000000000000000e+00 2.8799999999999999e+00 1.4922638861510602e+00
0.0000000000000000e+00 2.9399999999999999e+00 1.4505008568068682e+00
0.0000000000000000e+00 3.0000000000000000e+00 1.4073224216586624e+00
0.0000000000000000e+00 3.0600000000000001e+00 1.3630930489841482e+00
0.0000000000000000e+00 3.1200000000000001e+00 1.3181527570537954e+00
0.0000000000000000e+00 3.1800000000000002e+00 1.2728142063009973e+00
0.0000000000000000e+00 3.2400000000000002e+00 1.2273609468236117e+00
0.0000000000000000e+00 3.2999999999999998e+00 1.1820466661376408e+00
0.0000000000000000e+00 3.3599999999999999e+00 1.1370952052967758e+00
0.0000000000000000e+00 3.4199999999999999e+00 1.0926978457114263e+00
0.0000000000000000e+00 3.4800000000000000e+00 1.0490089637053779e+00
0.0000000000000000e+00 3.5400000000000000e+00 1.0061851199842207e+00
0.0000000000000000e+00 3.6000000000000001e+00 9.6434258620190305e-01
0.0000000000000000e+00 3.6600000000000001e+00 9.2357536291809272e-01
0.0000000000000000e+00 3.7200000000000002e+00 8.8395729868584483e-01
0.0000000000000000e+00 3.7799999999999998e+00 8.4554420452360557e-01
0.0000000000000000e+00 3.8399999999999999e+00 8.0837593488203408e-01
0.0000000000000000e+00 3.8999999999999999e+00 7.7247836784754487e-01
0.0000000000000000e+00 3.9600000000000000e+00 7.3786525103683964e-01
0.0000000000000000e+00 4.0199999999999996e+00 7.0453991868845411e-01
0.0000000000000000e+00 4.0800000000000001e+00 6.7249686941642561e-01
0.0000000000000000e+00 4.1399999999999997e+00 6.4172317620966179e-01
0.0000000000000000e+00 4.2000000000000002e+00 6.1219975272363458e-01
0.0000000000000000e+00 4.2599999999999998e+00 5.8390248911194087e-01
0.0000000000000000e+00 4.3200000000000003e+00 5.5680323877813542e-01
0.0000000000000000e+00 4.3799999999999999e+00 5.3087068048461572e-01
0.0000000000000000e+00 4.4400000000000004e+00 5.0607107617716174e-01
0.0000000000000000e+00 4.5000000000000000e+00 4.8236891632300594e-01
0.0000000000000000e+00 4.5599999999999996e+00 4.5972746903370909e-01
0.0000000000000000e+00 4.6200000000000001e+00 4.3810925193732919e-01
0.0000000000000000e+00 4.6799999999999997e+00 4.1747642917418676e-01
0.0000000000000000e+00 4.7400000000000002e+00 3.9779113784171161e-01
0.0000000000000000e+00 4.7999999999999998e+00 3.7901576064969006e-01
0.0000000000000000e+00 4.8600000000000003e+00 3.6111315305626202e-01
0.0000000000000000e+00 4.9199999999999999e+00 3.4404682088994776e-01
0.0000000000000000e+00 4.9800000000000004e+00 3.2778106249677424e-01
0.0000000000000000e+00 5.0400000000000000e+00 3.1228108456137632e-01
0.0000000000000000e+00 5.0999999999999996e+00 2.9751308560285050e-01
0.0000000000000000e+00 5.1600000000000001e+00 2.8344431660472363e-01
0.0000000000000000e+00 5.2199999999999998e+00 2.7004312689094478e-01
0.0000000000000000e+00 5.2800000000000002e+00 2.5727899102996632e-01
0.0000000000000000e+00 5.3399999999999999e+00 2.4512252106226759e-01
0.0000000000000000e+00 5.4000000000000004e+00 2.3354547023692707e-01
0.0000000000000000e+00 5.4600000000000000e+00 2.2252072797722108e-01
0.0000000000000000e+00 5.5199999999999996e+00 2.1202230482031043e-01
0.0000000000000000e+00 5.5800000000000001e+00 2.0202531276860705e-01
0.0000000000000000e+00 5.6399999999999997e+00 1.9250594313509184e-01
0.0000000000000000e+00 5.7000000000000002e+00 1.8344143767960039e-01
0.0000000000000000e+00 5.7599999999999998e+00 1.7481005751449408e-01
0.0000000000000000e+00 5.8200000000000003e+00 1.6659105257721710e-01
0.0000000000000000e+00 5.8799999999999999e+00 1.5876462729062546e-01
0.0000000000000000e+00 5.9400000000000004e+00 1.5131190518619128e-01
0.0000000000000000e+00 6.0000000000000000e+00 1.4421489517020789e-01
