0.0000000000000000e+00 0.0000000000000000e+00 6.8717891465282182e-14
1.0016694490818030e-02 0.0000000000000000e+00 8.7747545274475588e-03
2.0033388981636060e-02 0.0000000000000000e+00 1.7549509054826405e-02
3.0050083472454088e-02 0.0000000000000000e+00 2.6324263582205243e-02
4.0066777963272120e-02 0.0000000000000000e+00 3.5099018109584844e-02
5.0083472454090151e-02 0.0000000000000000e+00 4.3873772636963682e-02
6.0100166944908176e-02 0.0000000000000000e+00 5.2649594812272181e-02
7.0116861435726208e-02 0.0000000000000000e+00 6.1531114132574907e-02
8.0133555926544239e-02 0.0000000000000000e+00 7.0412633452877627e-02
9.0150250417362271e-02 0.0000000000000000e+00 7.9294152773181109e-02
1.0016694490818030e-01 0.0000000000000000e+00 8.8175672093483842e-02
1.1018363939899833e-01 0.0000000000000000e+00 9.7057191413787325e-02
1.2020033388981635e-01 0.0000000000000000e+00 1.0593918317269334e-01
1.3021702838063440e-01 0.0000000000000000e+00 1.1484432442315627e-01
1.4023372287145242e-01 0.0000000000000000e+00 1.2374946567361995e-01
1.5025041736227046e-01 0.0000000000000000e+00 1.3265460692408285e-01
1.6026711185308848e-01 0.0000000000000000e+00 1.4155974817454575e-01
1.7028380634390650e-01 0.0000000000000000e+00 1.5046488942500866e-01
1.8030050083472454e-01 0.0000000000000000e+00 1.5937107803560632e-01
1.9031719532554256e-01 0.0000000000000000e+00 1.6831113129053046e-01
2.0033388981636061e-01 0.0000000000000000e+00 1.7725118454545458e-01
2.1035058430717862e-01 0.0000000000000000e+00 1.8619123780037874e-01
2.2036727879799667e-01 0.0000000000000000e+00 1.9513129105530289e-01
2.3038397328881469e-01 0.0000000000000000e+00 2.0407134431022772e-01
2.4040066777963270e-01 0.0000000000000000e+00 2.1301322003775688e-01
2.5041736227045075e-01 0.0000000000000000e+00 2.2199883510780219e-01
2.6043405676126880e-01 0.0000000000000000e+00 2.3098445017784741e-01
2.7045075125208679e-01 0.0000000000000000e+00 2.3997006524789272e-01
2.8046744574290483e-01 0.0000000000000000e+00 2.4895568031793877e-01
2.9048414023372288e-01 0.0000000000000000e+00 2.5794129538798399e-01
3.0050083472454092e-01 0.0000000000000000e+00 2.6692967767831260e-01
3.1051752921535891e-01 0.0000000000000000e+00 2.7597063715401876e-01
3.2053422370617696e-01 0.0000000000000000e+00 2.8501159662972497e-01
3.3055091819699500e-01 0.0000000000000000e+00 2.9405255610543202e-01
3.4056761268781299e-01 0.0000000000000000e+00 3.0309351558113895e-01
3.5058430717863104e-01 0.0000000000000000e+00 3.1213447505684505e-01
3.6060100166944908e-01 0.0000000000000000e+00 3.2117927554854397e-01
3.7061769616026713e-01 0.0000000000000000e+00 3.3028425195745725e-01
3.8063439065108512e-01 0.0000000000000000e+00 3.3938922836637125e-01
3.9065108514190316e-01 0.0000000000000000e+00 3.4849420477528459e-01
4.0066777963272121e-01 0.0000000000000000e+00 3.5759918118419787e-01
4.1068447412353920e-01 0.0000000000000000e+00 3.6670415759311120e-01
4.2070116861435725e-01 0.0000000000000000e+00 3.7581412652697915e-01
4.3071786310517529e-01 0.0000000000000000e+00 3.8499042472095674e-01
4.4073455759599334e-01 0.0000000000000000e+00 3.9416672291493354e-01
4.5075125208681133e-01 0.0000000000000000e+00 4.0334302110891040e-01
4.6076794657762937e-01 0.0000000000000000e+00 4.1251931930288710e-01
4.7078464106844742e-01 0.0000000000000000e+00 4.2169561749686385e-01
4.8080133555926541e-01 0.0000000000000000e+00 4.3087807450828569e-01
4.9081803005008345e-01 0.0000000000000000e+00 4.4013135792031072e-01
5.0083472454090150e-01 0.0000000000000000e+00 4.4938464133233563e-01
5.1085141903171949e-01 0.0000000000000000e+00 4.5863792474436055e-01
5.2086811352253759e-01 0.0000000000000000e+00 4.6789120815638546e-01
5.3088480801335558e-01 0.0000000000000000e+00 4.7714449156841132e-01
5.4090150250417357e-01 0.0000000000000000e+00 4.8640503914996075e-01
5.5091819699499167e-01 0.0000000000000000e+00 4.9573903555670074e-01
5.6093489148580966e-01 0.0000000000000000e+00 5.0507303196343889e-01
5.7095158597662765e-01 0.0000000000000000e+00 5.1440702837017893e-01
5.8096828046744575e-01 0.0000000000000000e+00 5.2374102477691886e-01
5.9098497495826374e-01 0.0000000000000000e+00 5.3307502118365802e-01
6.0100166944908184e-01 0.0000000000000000e+00 5.4241723688113119e-01
6.1101836393989983e-01 0.0000000000000000e+00 5.5183342619520748e-01
6.2103505843071782e-01 0.0000000000000000e+00 5.6124961550928387e-01
6.3105175292153592e-01 0.0000000000000000e+00 5.7066580482336104e-01
6.4106844741235391e-01 0.0000000000000000e+00 5.8008199413743766e-01
6.5108514190317190e-01 0.0000000000000000e+00 5.8949818345151406e-01
6.6110183639399001e-01 0.0000000000000000e+00 5.9892329324178828e-01
6.7111853088480800e-01 0.0000000000000000e+00 6.0842057779402603e-01
6.8113522537562599e-01 0.0000000000000000e+00 6.1791786234626467e-01
6.9115191986644409e-01 0.0000000000000000e+00 6.2741514689850220e-01
7.0116861435726208e-01 0.0000000000000000e+00 6.3691243145073984e-01
7.1118530884808018e-01 0.0000000000000000e+00 6.4640971600297759e-01
7.2120200333889817e-01 0.0000000000000000e+00 6.5591624948248262e-01
7.3121869782971616e-01 0.0000000000000000e+00 6.6549060842861363e-01
7.4123539232053426e-01 0.0000000000000000e+00 6.7506496737474375e-01
7.5125208681135225e-01 0.0000000000000000e+00 6.8463932632087388e-01
7.6126878130217024e-01 0.0000000000000000e+00 6.9421368526700422e-01
7.7128547579298834e-01 0.0000000000000000e+00 7.0378804421313423e-01
7.8130217028380633e-01 0.0000000000000000e+00 7.1337147396880196e-01
7.9131886477462432e-01 0.0000000000000000e+00 7.2301560837289747e-01
8.0133555926544242e-01 0.0000000000000000e+00 7.3265974277699475e-01
8.1135225375626041e-01 0.0000000000000000e+00 7.4230387718109081e-01
8.2136894824707840e-01 0.0000000000000000e+00 7.5194801158518820e-01
8.3138564273789650e-01 0.0000000000000000e+00 7.6159214598928449e-01
8.4140233722871449e-01 0.0000000000000000e+00 7.7124451790721937e-01
8.5141903171953259e-01 0.0000000000000000e+00 7.8094749169587463e-01
8.6143572621035058e-01 0.0000000000000000e+00 7.9065046548452989e-01
8.7145242070116857e-01 0.0000000000000000e+00 8.0035343927318603e-01
8.8146911519198667e-01 0.0000000000000000e+00 8.1005641306184129e-01
8.9148580968280466e-01 0.0000000000000000e+00 8.1975938685049654e-01
9.0150250417362265e-01 0.0000000000000000e+00 8.2946894731884968e-01
9.1151919866444076e-01 0.0000000000000000e+00 8.3921583230549002e-01
9.2153589315525875e-01 0.0000000000000000e+00 8.4896271729213102e-01
9.3155258764607674e-01 0.0000000000000000e+00 8.5870960227877147e-01
9.4156928213689484e-01 0.0000000000000000e+00 8.6845648726541180e-01
9.5158597662771283e-01 0.0000000000000000e+00 8.7820337225205203e-01
9.6160267111853082e-01 0.0000000000000000e+00 8.8795420226471189e-01
9.7161936560934892e-01 0.0000000000000000e+00 8.9772574366397573e-01
9.8163606010016691e-01 0.0000000000000000e+00 9.0749728506323835e-01
9.9165275459098501e-01 0.0000000000000000e+00 9.1726882646250218e-01
1.0016694490818030e+00 0.0000000000000000e+00 9.2704036786176391e-01
1.0116861435726210e+00 0.0000000000000000e+00 9.3681190926102786e-01
1.0217028380634390e+00 0.0000000000000000e+00 9.4658358225479244e-01
1.0317195325542572e+00 0.0000000000000000e+00 9.5635589773936258e-01
1.0417362270450752e+00 0.0000000000000000e+00 9.6612821322393205e-01
1.0517529215358932e+00 0.0000000000000000e+00 9.7590052870850130e-01
1.0617696160267112e+00 0.0000000000000000e+00 9.8567284419307055e-01
1.0717863105175292e+00 0.0000000000000000e+00 9.9544515967764080e-01
1.0818030050083471e+00 0.0000000000000000e+00 1.0052124368588307e+00
1.0918196994991654e+00 0.0000000000000000e+00 1.0149567617690707e+00
1.1018363939899833e+00 0.0000000000000000e+00 1.0247010866793109e+00
1.1118530884808013e+00 0.0000000000000000e+00 1.0344454115895509e+00
1.1218697829716193e+00 0.0000000000000000e+00 1.0441897364997914e+00
1.1318864774624373e+00 0.0000000000000000e+00 1.0539340614100314e+00
1.1419031719532553e+00 0.0000000000000000e+00 1.0636666416182536e+00
1.1519198664440735e+00 0.0000000000000000e+00 1.0733491523073477e+00
1.1619365609348915e+00 0.0000000000000000e+00 1.0830316629964420e+00
1.1719532554257095e+00 0.0000000000000000e+00 1.0927141736855368e+00
1.1819699499165275e+00 0.0000000000000000e+00 1.1023966843746311e+00
1.1919866444073455e+00 0.0000000000000000e+00 1.1120791950637252e+00
1.2020033388981637e+00 0.0000000000000000e+00 1.1217415507684789e+00
1.2120200333889817e+00 0.0000000000000000e+00 1.1313232865358680e+00
1.2220367278797997e+00 0.0000000000000000e+00 1.1409050223032591e+00
1.2320534223706177e+00 0.0000000000000000e+00 1.1504867580706479e+00
1.2420701168614356e+00 0.0000000000000000e+00 1.1600684938380390e+00
1.2520868113522536e+00 0.0000000000000000e+00 1.1696502296054276e+00
1.2621035058430718e+00 0.0000000000000000e+00 1.1792015490941226e+00
1.2721202003338898e+00 0.0000000000000000e+00 1.1886384454391572e+00
1.2821368948247078e+00 0.0000000000000000e+00 1.1980753417841907e+00
1.2921535893155258e+00 0.0000000000000000e+00 1.2075122381292245e+00
1.3021702838063438e+00 0.0000000000000000e+00 1.2169491344742578e+00
1.3121869782971620e+00 0.0000000000000000e+00 1.2263860308192915e+00
1.3222036727879800e+00 0.0000000000000000e+00 1.2357802867269589e+00
1.3322203672787980e+00 0.0000000000000000e+00 1.2450233629021459e+00
1.3422370617696160e+00 0.0000000000000000e+00 1.2542664390773328e+00
1.3522537562604340e+00 0.0000000000000000e+00 1.2635095152525202e+00
1.3622704507512520e+00 0.0000000000000000e+00 1.2727525914277071e+00
1.3722871452420702e+00 0.0000000000000000e+00 1.2819956676028947e+00
1.3823038397328882e+00 0.0000000000000000e+00 1.2911818525358461e+00
1.3923205342237062e+00 0.0000000000000000e+00 1.3001775754839269e+00
1.4023372287145242e+00 0.0000000000000000e+00 1.3091732984320079e+00
1.4123539232053421e+00 0.0000000000000000e+00 1.3181690213800885e+00
1.4223706176961604e+00 0.0000000000000000e+00 1.3271647443281698e+00
1.4323873121869783e+00 0.0000000000000000e+00 1.3361604672762517e+00
1.4424040066777963e+00 0.0000000000000000e+00 1.3450830151172199e+00
1.4524207011686143e+00 0.0000000000000000e+00 1.3537738417856753e+00
1.4624373956594323e+00 0.0000000000000000e+00 1.3624646684541295e+00
1.4724540901502503e+00 0.0000000000000000e+00 1.3711554951225848e+00
1.4824707846410685e+00 0.0000000000000000e+00 1.3798463217910391e+00
1.4924874791318865e+00 0.0000000000000000e+00 1.3885371484594937e+00
1.5025041736227045e+00 0.0000000000000000e+00 1.3971365508649254e+00
1.5125208681135225e+00 0.0000000000000000e+00 1.4054616804812954e+00
1.5225375626043405e+00 0.0000000000000000e+00 1.4137868100976652e+00
1.5325542570951585e+00 0.0000000000000000e+00 1.4221119397140345e+00
1.5425709515859767e+00 0.0000000000000000e+00 1.4304370693304038e+00
1.5525876460767947e+00 0.0000000000000000e+00 1.4387621989467736e+00
1.5626043405676127e+00 0.0000000000000000e+00 1.4469758453340964e+00
1.5726210350584306e+00 0.0000000000000000e+00 1.4548721933002904e+00
1.5826377295492486e+00 0.0000000000000000e+00 1.4627685412664848e+00
1.5926544240400669e+00 0.0000000000000000e+00 1.4706648892326788e+00
1.6026711185308848e+00 0.0000000000000000e+00 1.4785612371988734e+00
1.6126878130217028e+00 0.0000000000000000e+00 1.4864575851650681e+00
1.6227045075125208e+00 0.0000000000000000e+00 1.4942208287197920e+00
1.6327212020033388e+00 0.0000000000000000e+00 1.5016241973842543e+00
1.6427378964941568e+00 0.0000000000000000e+00 1.5090275660487162e+00
1.6527545909849750e+00 0.0000000000000000e+00 1.5164309347131786e+00
1.6627712854757930e+00 0.0000000000000000e+00 1.5238343033776425e+00
1.6727879799666110e+00 0.0000000000000000e+00 1.5312376720421039e+00
1.6828046744574290e+00 0.0000000000000000e+00 1.5384850963738967e+00
1.6928213689482470e+00 0.0000000000000000e+00 1.5453315209931195e+00
1.7028380634390652e+00 0.0000000000000000e+00 1.5521779456123432e+00
1.7128547579298832e+00 0.0000000000000000e+00 1.5590243702315669e+00
1.7228714524207012e+00 0.0000000000000000e+00 1.5658707948507895e+00
1.7328881469115192e+00 0.0000000000000000e+00 1.5727172194700130e+00
1.7429048414023371e+00 0.0000000000000000e+00 1.5793840889330080e+00
1.7529215358931551e+00 0.0000000000000000e+00 1.5856113578411080e+00
1.7629382303839733e+00 0.0000000000000000e+00 1.5918386267492095e+00
1.7729549248747913e+00 0.0000000000000000e+00 1.5980658956573093e+00
1.7829716193656093e+00 0.0000000000000000e+00 1.6042931645654104e+00
1.7929883138564273e+00 0.0000000000000000e+00 1.6105204334735113e+00
1.8030050083472453e+00 0.0000000000000000e+00 1.6165443051721022e+00
1.8130217028380635e+00 0.0000000000000000e+00 1.6220935833818517e+00
1.8230383973288815e+00 0.0000000000000000e+00 1.6276428615916003e+00
1.8330550918196995e+00 0.0000000000000000e+00 1.6331921398013494e+00
1.8430717863105175e+00 0.0000000000000000e+00 1.6387414180110988e+00
1.8530884808013355e+00 0.0000000000000000e+00 1.6442906962208474e+00
1.8631051752921535e+00 0.0000000000000000e+00 1.6496131099499700e+00
1.8731218697829717e+00 0.0000000000000000e+00 1.6544305672544843e+00
1.8831385642737897e+00 0.0000000000000000e+00 1.6592480245589976e+00
1.8931552587646077e+00 0.0000000000000000e+00 1.6640654818635114e+00
1.9031719532554257e+00 0.0000000000000000e+00 1.6688829391680244e+00
1.9131886477462436e+00 0.0000000000000000e+00 1.6737003964725385e+00
1.9232053422370616e+00 0.0000000000000000e+00 1.6782685684259728e+00
1.9332220367278798e+00 0.0000000000000000e+00 1.6823070090083776e+00
1.9432387312186978e+00 0.0000000000000000e+00 1.6863454495907804e+00
1.9532554257095158e+00 0.0000000000000000e+00 1.6903838901731849e+00
1.9632721202003338e+00 0.0000000000000000e+00 1.6944223307555879e+00
1.9732888146911518e+00 0.0000000000000000e+00 1.6984607713379918e+00
1.9833055091819700e+00 0.0000000000000000e+00 1.7022292576399090e+00
1.9933222036727880e+00 0.0000000000000000e+00 1.7054496549481244e+00
2.0033388981636060e+00 0.0000000000000000e+00 1.7086700522563394e+00
2.0133555926544240e+00 0.0000000000000000e+00 1.7118904495645557e+00
2.0233722871452420e+00 0.0000000000000000e+00 1.7151108468727712e+00
2.0333889816360600e+00 0.0000000000000000e+00 1.7183312441809873e+00
2.0434056761268780e+00 0.0000000000000000e+00 1.7212634480914089e+00
2.0534223706176959e+00 0.0000000000000000e+00 1.7236362177590676e+00
2.0634390651085144e+00 0.0000000000000000e+00 1.7260089874267261e+00
2.0734557595993324e+00 0.0000000000000000e+00 1.7283817570943849e+00
2.0834724540901504e+00 0.0000000000000000e+00 1.7307545267620439e+00
2.0934891485809684e+00 0.0000000000000000e+00 1.7331272964297024e+00
2.1035058430717863e+00 0.0000000000000000e+00 1.7351967083030875e+00
2.1135225375626043e+00 0.0000000000000000e+00 1.7367027414156915e+00
2.1235392320534223e+00 0.0000000000000000e+00 1.7382087745282955e+00
2.1335559265442403e+00 0.0000000000000000e+00 1.7397148076408997e+00
2.1435726210350583e+00 0.0000000000000000e+00 1.7412208407535041e+00
2.1535893155258763e+00 0.0000000000000000e+00 1.7427268738661081e+00
2.1636060100166943e+00 0.0000000000000000e+00 1.7439180546758599e+00
2.1736227045075123e+00 0.0000000000000000e+00 1.7445494980583311e+00
2.1836393989983307e+00 0.0000000000000000e+00 1.7451809414408022e+00
2.1936560934891487e+00 0.0000000000000000e+00 1.7458123848232738e+00
2.2036727879799667e+00 0.0000000000000000e+00 1.7464438282057451e+00
2.2136894824707847e+00 0.0000000000000000e+00 1.7470752715882163e+00
2.2237061769616027e+00 0.0000000000000000e+00 1.7473844857286163e+00
2.2337228714524207e+00 0.0000000000000000e+00 1.7471450392676631e+00
2.2437395659432386e+00 0.0000000000000000e+00 1.7469055928067103e+00
2.2537562604340566e+00 0.0000000000000000e+00 1.7466661463457569e+00
2.2637729549248746e+00 0.0000000000000000e+00 1.7464266998848041e+00
2.2737896494156926e+00 0.0000000000000000e+00 1.7461872534238512e+00
2.2838063439065106e+00 0.0000000000000000e+00 1.7456226286685910e+00
2.2938230383973290e+00 0.0000000000000000e+00 1.7445274498542085e+00
2.3038397328881470e+00 0.0000000000000000e+00 1.7434322710398265e+00
2.3138564273789650e+00 0.0000000000000000e+00 1.7423370922254446e+00
2.3238731218697830e+00 0.0000000000000000e+00 1.7412419134110622e+00
2.3338898163606010e+00 0.0000000000000000e+00 1.7401467345966803e+00
2.3439065108514190e+00 0.0000000000000000e+00 1.7387280437406070e+00
2.3539232053422370e+00 0.0000000000000000e+00 1.7368033468706185e+00
2.3639398998330550e+00 0.0000000000000000e+00 1.7348786500006304e+00
2.3739565943238730e+00 0.0000000000000000e+00 1.7329539531306422e+00
2.3839732888146909e+00 0.0000000000000000e+00 1.7310292562606535e+00
2.3939899833055089e+00 0.0000000000000000e+00 1.7291045593906653e+00
2.4040066777963274e+00 0.0000000000000000e+00 1.7268626287833422e+00
2.4140233722871454e+00 0.0000000000000000e+00 1.7241448475700303e+00
2.4240400667779634e+00 0.0000000000000000e+00 1.7214270663567171e+00
2.4340567612687813e+00 0.0000000000000000e+00 1.7187092851434043e+00
2.4440734557595993e+00 0.0000000000000000e+00 1.7159915039300910e+00
2.4540901502504173e+00 0.0000000000000000e+00 1.7132737227167785e+00
2.4641068447412353e+00 0.0000000000000000e+00 1.7102494610063681e+00
2.4741235392320533e+00 0.0000000000000000e+00 1.7067841663855083e+00
2.4841402337228713e+00 0.0000000000000000e+00 1.7033188717646490e+00
2.4941569282136893e+00 0.0000000000000000e+00 1.6998535771437897e+00
2.5041736227045073e+00 0.0000000000000000e+00 1.6963882825229306e+00
2.5141903171953257e+00 0.0000000000000000e+00 1.6929229879020713e+00
2.5242070116861437e+00 0.0000000000000000e+00 1.6891661171950474e+00
2.5342237061769617e+00 0.0000000000000000e+00 1.6850065937976171e+00
2.5442404006677797e+00 0.0000000000000000e+00 1.6808470704001859e+00
2.5542570951585977e+00 0.0000000000000000e+00 1.6766875470027558e+00
2.5642737896494157e+00 0.0000000000000000e+00 1.6725280236053246e+00
2.5742904841402336e+00 0.0000000000000000e+00 1.6683685002078945e+00
2.5843071786310516e+00 0.0000000000000000e+00 1.6639360269568211e+00
2.5943238731218696e+00 0.0000000000000000e+00 1.6591417364579051e+00
2.6043405676126876e+00 0.0000000000000000e+00 1.6543474459589884e+00
2.6143572621035056e+00 0.0000000000000000e+00 1.6495531554600724e+00
2.6243739565943240e+00 0.0000000000000000e+00 1.6447588649611544e+00
2.6343906510851420e+00 0.0000000000000000e+00 1.6399645744622386e+00
2.6444073455759600e+00 0.0000000000000000e+00 1.6349191640187961e+00
2.6544240400667780e+00 0.0000000000000000e+00 1.6295541463732377e+00
2.6644407345575960e+00 0.0000000000000000e+00 1.6241891287276800e+00
2.6744574290484140e+00 0.0000000000000000e+00 1.6188241110821224e+00
2.6844741235392320e+00 0.0000000000000000e+00 1.6134590934365634e+00
2.6944908180300500e+00 0.0000000000000000e+00 1.6080940757910049e+00
2.7045075125208680e+00 0.0000000000000000e+00 1.6025023610773586e+00
2.7145242070116860e+00 0.0000000000000000e+00 1.5966335721693885e+00
2.7245409015025039e+00 0.0000000000000000e+00 1.5907647832614162e+00
2.7345575959933224e+00 0.0000000000000000e+00 1.5848959943534453e+00
2.7445742904841404e+00 0.0000000000000000e+00 1.5790272054454750e+00
2.7545909849749584e+00 0.0000000000000000e+00 1.5731584165375041e+00
2.7646076794657763e+00 0.0000000000000000e+00 1.5670893043262866e+00
2.7746243739565943e+00 0.0000000000000000e+00 1.5607850299764796e+00
2.7846410684474123e+00 0.0000000000000000e+00 1.5544807556266733e+00
2.7946577629382303e+00 0.0000000000000000e+00 1.5481764812768664e+00
2.8046744574290483e+00 0.0000000000000000e+00 1.5418722069270601e+00
2.8146911519198663e+00 0.0000000000000000e+00 1.5355679325772522e+00
2.8247078464106843e+00 0.0000000000000000e+00 1.5290910232520216e+00
2.8347245409015023e+00 0.0000000000000000e+00 1.5224194404438689e+00
2.8447412353923207e+00 0.0000000000000000e+00 1.5157478576357173e+00
2.8547579298831387e+00 0.0000000000000000e+00 1.5090762748275646e+00
2.8647746243739567e+00 0.0000000000000000e+00 1.5024046920194121e+00
2.8747913188647747e+00 0.0000000000000000e+00 1.4957331092112609e+00
2.8848080133555927e+00 0.0000000000000000e+00 1.4889172661034054e+00
2.8948247078464107e+00 0.0000000000000000e+00 1.4819451410042079e+00
2.9048414023372287e+00 0.0000000000000000e+00 1.4749730159050105e+00
2.9148580968280466e+00 0.0000000000000000e+00 1.4680008908058122e+00
2.9248747913188646e+00 0.0000000000000000e+00 1.4610287657066157e+00
2.9348914858096826e+00 0.0000000000000000e+00 1.4540566406074180e+00
2.9449081803005006e+00 0.0000000000000000e+00 1.4469687310601440e+00
2.9549248747913190e+00 0.0000000000000000e+00 1.4397603111689583e+00
2.9649415692821370e+00 0.0000000000000000e+00 1.4325518912777719e+00
2.9749582637729550e+00 0.0000000000000000e+00 1.4253434713865860e+00
2.9849749582637730e+00 0.0000000000000000e+00 1.4181350514953994e+00
2.9949916527545910e+00 0.0000000000000000e+00 1.4109266316042135e+00
3.0050083472454090e+00 0.0000000000000000e+00 1.4036304873786096e+00
3.0150250417362270e+00 0.0000000000000000e+00 1.3962466188185900e+00
3.0250417362270450e+00 0.0000000000000000e+00 1.3888627502585700e+00
3.0350584307178630e+00 0.0000000000000000e+00 1.3814788816985522e+00
3.0450751252086810e+00 0.0000000000000000e+00 1.3740950131385326e+00
3.0550918196994989e+00 0.0000000000000000e+00 1.3667111445785145e+00
3.0651085141903169e+00 0.0000000000000000e+00 1.3592667470000501e+00
3.0751252086811354e+00 0.0000000000000000e+00 1.3517641940901410e+00
3.0851419031719534e+00 0.0000000000000000e+00 1.3442616411802333e+00
3.0951585976627713e+00 0.0000000000000000e+00 1.3367590882703251e+00
3.1051752921535893e+00 0.0000000000000000e+00 1.3292565353604160e+00
3.1151919866444073e+00 0.0000000000000000e+00 1.3217539824505056e+00
3.1252086811352253e+00 0.0000000000000000e+00 1.3142168561536738e+00
3.1352253756260433e+00 0.0000000000000000e+00 1.3066478159612209e+00
3.1452420701168613e+00 0.0000000000000000e+00 1.2990787757687663e+00
3.1552587646076793e+00 0.0000000000000000e+00 1.2915097355763119e+00
3.1652754590984973e+00 0.0000000000000000e+00 1.2839406953838592e+00
3.1752921535893153e+00 0.0000000000000000e+00 1.2763716551914059e+00
3.1853088480801337e+00 0.0000000000000000e+00 1.2687924654790803e+00
3.1953255425709517e+00 0.0000000000000000e+00 1.2612042752491319e+00
3.2053422370617697e+00 0.0000000000000000e+00 1.2536160850191853e+00
3.2153589315525877e+00 0.0000000000000000e+00 1.2460278947892358e+00
3.2253756260434057e+00 0.0000000000000000e+00 1.2384397045592894e+00
3.2353923205342237e+00 0.0000000000000000e+00 1.2308515143293413e+00
3.2454090150250416e+00 0.0000000000000000e+00 1.2232758530722436e+00
3.2554257095158596e+00 0.0000000000000000e+00 1.2157108646438670e+00
3.2654424040066776e+00 0.0000000000000000e+00 1.2081458762154920e+00
3.2754590984974956e+00 0.0000000000000000e+00 1.2005808877871156e+00
3.2854757929883136e+00 0.0000000000000000e+00 1.1930158993587405e+00
3.2954924874791320e+00 0.0000000000000000e+00 1.1854509109303639e+00
3.3055091819699500e+00 0.0000000000000000e+00 1.1779192365111395e+00
3.3155258764607680e+00 0.0000000000000000e+00 1.1704148190084891e+00
3.3255425709515860e+00 0.0000000000000000e+00 1.1629104015058402e+00
3.3355592654424040e+00 0.0000000000000000e+00 1.1554059840031921e+00
3.3455759599332220e+00 0.0000000000000000e+00 1.1479015665005441e+00
3.3555926544240400e+00 0.0000000000000000e+00 1.1403971489978955e+00
3.3656093489148580e+00 0.0000000000000000e+00 1.1329445339498527e+00
3.3756260434056760e+00 0.0000000000000000e+00 1.1255326208304290e+00
3.3856427378964939e+00 0.0000000000000000e+00 1.1181207077110056e+00
3.3956594323873119e+00 0.0000000000000000e+00 1.1107087945915817e+00
3.4056761268781304e+00 0.0000000000000000e+00 1.1032968814721560e+00
3.4156928213689484e+00 0.0000000000000000e+00 1.0958849683527327e+00
3.4257095158597664e+00 0.0000000000000000e+00 1.0885404729662307e+00
3.4357262103505843e+00 0.0000000000000000e+00 1.0812468365712318e+00
3.4457429048414023e+00 0.0000000000000000e+00 1.0739532001762315e+00
3.4557595993322203e+00 0.0000000000000000e+00 1.0666595637812326e+00
3.4657762938230383e+00 0.0000000000000000e+00 1.0593659273862321e+00
3.4757929883138563e+00 0.0000000000000000e+00 1.0520722909912332e+00
3.4858096828046743e+00 0.0000000000000000e+00 1.0448624145637193e+00
3.4958263772954923e+00 0.0000000000000000e+00 1.0377131919057638e+00
3.5058430717863103e+00 0.0000000000000000e+00 1.0305639692478057e+00
3.5158597662771287e+00 0.0000000000000000e+00 1.0234147465898504e+00
3.5258764607679467e+00 0.0000000000000000e+00 1.0162655239318938e+00
3.5358931552587647e+00 0.0000000000000000e+00 1.0091163012739373e+00
3.5459098497495827e+00 0.0000000000000000e+00 1.0020637351875883e+00
3.5559265442404007e+00 0.0000000000000000e+00 9.9507833722726857e-01
3.5659432387312187e+00 0.0000000000000000e+00 9.8809293926694797e-01
3.5759599332220366e+00 0.0000000000000000e+00 9.8110754130662736e-01
3.5859766277128546e+00 0.0000000000000000e+00 9.7412214334630798e-01
3.5959933222036726e+00 0.0000000000000000e+00 9.6713674538598848e-01
3.6060100166944906e+00 0.0000000000000000e+00 9.6025905799313116e-01
3.6160267111853086e+00 0.0000000000000000e+00 9.5345317764524906e-01
3.6260434056761270e+00 0.0000000000000000e+00 9.4664729729736818e-01
3.6360601001669450e+00 0.0000000000000000e+00 9.3984141694948609e-01
3.6460767946577630e+00 0.0000000000000000e+00 9.3303553660160532e-01
3.6560934891485810e+00 0.0000000000000000e+00 9.2622965625372333e-01
3.6661101836393990e+00 0.0000000000000000e+00 9.1954080211977585e-01
3.6761268781302170e+00 0.0000000000000000e+00 9.1292676802424144e-01
3.6861435726210350e+00 0.0000000000000000e+00 9.0631273392870826e-01
3.6961602671118530e+00 0.0000000000000000e+00 8.9969869983317374e-01
3.7061769616026710e+00 0.0000000000000000e+00 8.9308466573763945e-01
3.7161936560934890e+00 0.0000000000000000e+00 8.8647063164210516e-01
3.7262103505843069e+00 0.0000000000000000e+00 8.7998131898954568e-01
3.7362270450751254e+00 0.0000000000000000e+00 8.7356844851170889e-01
3.7462437395659434e+00 0.0000000000000000e+00 8.6715557803387211e-01
3.7562604340567614e+00 0.0000000000000000e+00 8.6074270755603666e-01
3.7662771285475793e+00 0.0000000000000000e+00 8.5432983707820098e-01
3.7762938230383973e+00 0.0000000000000000e+00 8.4791696660036431e-01
3.7863105175292153e+00 0.0000000000000000e+00 8.4163502090516995e-01
3.7963272120200333e+00 0.0000000000000000e+00 8.3542996754263787e-01
3.8063439065108513e+00 0.0000000000000000e+00 8.2922491418010458e-01
3.8163606010016693e+00 0.0000000000000000e+00 8.2301986081757139e-01
3.8263772954924873e+00 0.0000000000000000e+00 8.1681480745503821e-01
3.8363939899833053e+00 0.0000000000000000e+00 8.1060975409250591e-01
3.8464106844741233e+00 0.0000000000000000e+00 8.0454046862121587e-01
3.8564273789649417e+00 0.0000000000000000e+00 7.9854755258874655e-01
3.8664440734557597e+00 0.0000000000000000e+00 7.9255463655627723e-01
3.8764607679465777e+00 0.0000000000000000e+00 7.8656172052380890e-01
3.8864774624373957e+00 0.0000000000000000e+00 7.8056880449133925e-01
3.8964941569282137e+00 0.0000000000000000e+00 7.7457588845887115e-01
3.9065108514190316e+00 0.0000000000000000e+00 7.6872235350243867e-01
3.9165275459098496e+00 0.0000000000000000e+00 7.6294386989464202e-01
3.9265442404006676e+00 0.0000000000000000e+00 7.5716538628684460e-01
3.9365609348914856e+00 0.0000000000000000e+00 7.5138690267904784e-01
3.9465776293823036e+00 0.0000000000000000e+00 7.4560841907125019e-01
3.9565943238731216e+00 0.0000000000000000e+00 7.3982993546345355e-01
3.9666110183639400e+00 0.0000000000000000e+00 7.3419334463447716e-01
3.9766277128547580e+00 0.0000000000000000e+00 7.2862985008549863e-01
3.9866444073455760e+00 0.0000000000000000e+00 7.2306635553651910e-01
3.9966611018363940e+00 0.0000000000000000e+00 7.1750286098753835e-01
4.0066777963272120e+00 0.0000000000000000e+00 7.1193936643855971e-01
4.0166944908180300e+00 0.0000000000000000e+00 7.0637587188958106e-01
4.0267111853088480e+00 0.0000000000000000e+00 7.0095580466300023e-01
4.0367278797996660e+00 0.0000000000000000e+00 6.9560638074446401e-01
4.0467445742904840e+00 0.0000000000000000e+00 6.9025695682592902e-01
4.0567612687813019e+00 0.0000000000000000e+00 6.8490753290739381e-01
4.0667779632721199e+00 0.0000000000000000e+00 6.7955810898885793e-01
4.0767946577629379e+00 0.0000000000000000e+00 6.7420868507032183e-01
4.0868113522537559e+00 0.0000000000000000e+00 6.6900336167338759e-01
4.0968280467445739e+00 0.0000000000000000e+00 6.6386585028661615e-01
4.1068447412353919e+00 0.0000000000000000e+00 6.5872833889984284e-01
4.1168614357262099e+00 0.0000000000000000e+00 6.5359082751307063e-01
4.1268781302170288e+00 0.0000000000000000e+00 6.4845331612629842e-01
4.1368948247078468e+00 0.0000000000000000e+00 6.4331580473952688e-01
4.1469115191986647e+00 0.0000000000000000e+00 6.3832231440572984e-01
4.1569282136894827e+00 0.0000000000000000e+00 6.3339352918268643e-01
4.1669449081803007e+00 0.0000000000000000e+00 6.2846474395964325e-01
4.1769616026711187e+00 0.0000000000000000e+00 6.2353595873660084e-01
4.1869782971619367e+00 0.0000000000000000e+00 6.1860717351355843e-01
4.1969949916527547e+00 0.0000000000000000e+00 6.1367838829051413e-01
4.2070116861435727e+00 0.0000000000000000e+00 6.0889289387081680e-01
4.2170283806343907e+00 0.0000000000000000e+00 6.0416880979540932e-01
4.2270450751252087e+00 0.0000000000000000e+00 5.9944472572000196e-01
4.2370617696160267e+00 0.0000000000000000e+00 5.9472064164459348e-01
4.2470784641068446e+00 0.0000000000000000e+00 5.8999655756918523e-01
4.2570951585976626e+00 0.0000000000000000e+00 5.8527247349377776e-01
4.2671118530884806e+00 0.0000000000000000e+00 5.8069039099221154e-01
4.2771285475792986e+00 0.0000000000000000e+00 5.7616630913347888e-01
4.2871452420701166e+00 0.0000000000000000e+00 5.7164222727474645e-01
4.2971619365609346e+00 0.0000000000000000e+00 5.6711814541601391e-01
4.3071786310517526e+00 0.0000000000000000e+00 5.6259406355728248e-01
4.3171953255425706e+00 0.0000000000000000e+00 5.5806998169854993e-01
4.3272120200333886e+00 0.0000000000000000e+00 5.5368613661260768e-01
4.3372287145242066e+00 0.0000000000000000e+00 5.4935682804941632e-01
4.3472454090150245e+00 0.0000000000000000e+00 5.4502751948622474e-01
4.3572621035058434e+00 0.0000000000000000e+00 5.4069821092303239e-01
4.3672787979966614e+00 0.0000000000000000e+00 5.3636890235984014e-01
4.3772954924874794e+00 0.0000000000000000e+00 5.3203959379664800e-01
4.3873121869782974e+00 0.0000000000000000e+00 5.2784835808985642e-01
4.3973288814691154e+00 0.0000000000000000e+00 5.2370819042584060e-01
4.4073455759599334e+00 0.0000000000000000e+00 5.1956802276182446e-01
4.4173622704507514e+00 0.0000000000000000e+00 5.1542785509780853e-01
4.4273789649415694e+00 0.0000000000000000e+00 5.1128768743379316e-01
4.4373956594323873e+00 0.0000000000000000e+00 5.0714751976977801e-01
4.4474123539232053e+00 0.0000000000000000e+00 5.0314292955074502e-01
4.4574290484140233e+00 0.0000000000000000e+00 4.9918597465021780e-01
4.4674457429048413e+00 0.0000000000000000e+00 4.9522901974969130e-01
4.4774624373956593e+00 0.0000000000000000e+00 4.9127206484916497e-01
4.4874791318864773e+00 0.0000000000000000e+00 4.8731510994863786e-01
4.4974958263772953e+00 0.0000000000000000e+00 4.8335815504811003e-01
4.5075125208681133e+00 0.0000000000000000e+00 4.7953401056889428e-01
4.5175292153589313e+00 0.0000000000000000e+00 4.7575413623011387e-01
4.5275459098497493e+00 0.0000000000000000e+00 4.7197426189133290e-01
4.5375626043405672e+00 0.0000000000000000e+00 4.6819438755255188e-01
4.5475792988313852e+00 0.0000000000000000e+00 4.6441451321377147e-01
4.5575959933222032e+00 0.0000000000000000e+00 4.6063463887499106e-01
4.5676126878130212e+00 0.0000000000000000e+00 4.5698459006987008e-01
4.5776293823038401e+00 0.0000000000000000e+00 4.5337553880169279e-01
4.5876460767946581e+00 0.0000000000000000e+00 4.4976648753351506e-01
4.5976627712854761e+00 0.0000000000000000e+00 4.4615743626533849e-01
4.6076794657762941e+00 0.0000000000000000e+00 4.4254838499716187e-01
4.6176961602671120e+00 0.0000000000000000e+00 4.3893933372898469e-01
4.6277128547579300e+00 0.0000000000000000e+00 4.3545695251700112e-01
4.6377295492487480e+00 0.0000000000000000e+00 4.3201240781530825e-01
4.6477462437395660e+00 0.0000000000000000e+00 4.2856786311361533e-01
4.6577629382303840e+00 0.0000000000000000e+00 4.2512331841192180e-01
4.6677796327212020e+00 0.0000000000000000e+00 4.2167877371022838e-01
4.6777963272120200e+00 0.0000000000000000e+00 4.1823422900853552e-01
4.6878130217028380e+00 0.0000000000000000e+00 4.1491306903404246e-01
4.6978297161936560e+00 0.0000000000000000e+00 4.1162670988003913e-01
4.7078464106844740e+00 0.0000000000000000e+00 4.0834035072603642e-01
4.7178631051752919e+00 0.0000000000000000e+00 4.0505399157203414e-01
4.7278797996661099e+00 0.0000000000000000e+00 4.0176763241803193e-01
4.7378964941569279e+00 0.0000000000000000e+00 3.9848127326402921e-01
4.7479131886477459e+00 0.0000000000000000e+00 3.9531491948080522e-01
4.7579298831385639e+00 0.0000000000000000e+00 3.9218046585943295e-01
4.7679465776293819e+00 0.0000000000000000e+00 3.8904601223806062e-01
4.7779632721201999e+00 0.0000000000000000e+00 3.8591155861668802e-01
4.7879799666110179e+00 0.0000000000000000e+00 3.8277710499531475e-01
4.7979966611018368e+00 0.0000000000000000e+00 3.7964265137394188e-01
4.8080133555926547e+00 0.0000000000000000e+00 3.7662476130497047e-01
4.8180300500834727e+00 0.0000000000000000e+00 3.7363601212409797e-01
4.8280467445742907e+00 0.0000000000000000e+00 3.7064726294322492e-01
4.8380634390651087e+00 0.0000000000000000e+00 3.6765851376235203e-01
4.8480801335559267e+00 0.0000000000000000e+00 3.6466976458147954e-01
4.8580968280467447e+00 0.0000000000000000e+00 3.6168101540060704e-01
4.8681135225375627e+00 0.0000000000000000e+00 3.5880535187849327e-01
4.8781302170283807e+00 0.0000000000000000e+00 3.5595621462201321e-01
4.8881469115191987e+00 0.0000000000000000e+00 3.5310707736553315e-01
4.8981636060100167e+00 0.0000000000000000e+00 3.5025794010905364e-01
4.9081803005008346e+00 0.0000000000000000e+00 3.4740880285257358e-01
4.9181969949916526e+00 0.0000000000000000e+00 3.4455966559609358e-01
4.9282136894824706e+00 0.0000000000000000e+00 3.4182012274595480e-01
4.9382303839732886e+00 0.0000000000000000e+00 3.3910463720452372e-01
4.9482470784641066e+00 0.0000000000000000e+00 3.3638915166309219e-01
4.9582637729549246e+00 0.0000000000000000e+00 3.3367366612166072e-01
4.9682804674457426e+00 0.0000000000000000e+00 3.3095818058022969e-01
4.9782971619365606e+00 0.0000000000000000e+00 3.2824269503879866e-01
4.9883138564273786e+00 0.0000000000000000e+00 3.2563331931038164e-01
4.9983305509181966e+00 0.0000000000000000e+00 3.2304567691715969e-01
5.0083472454090145e+00 0.0000000000000000e+00 3.2045803452393823e-01
5.0183639398998334e+00 0.0000000000000000e+00 3.1787039213071649e-01
5.0283806343906514e+00 0.0000000000000000e+00 3.1528274973749498e-01
5.0383973288814694e+00 0.0000000000000000e+00 3.1269510734427314e-01
5.0484140233722874e+00 0.0000000000000000e+00 3.1021011308804253e-01
5.0584307178631054e+00 0.0000000000000000e+00 3.0774467085790497e-01
5.0684474123539234e+00 0.0000000000000000e+00 3.0527922862776730e-01
5.0784641068447414e+00 0.0000000000000000e+00 3.0281378639762924e-01
5.0884808013355594e+00 0.0000000000000000e+00 3.0034834416749079e-01
5.0984974958263773e+00 0.0000000000000000e+00 2.9788290193735312e-01
5.1085141903171953e+00 0.0000000000000000e+00 2.9551668265652176e-01
5.1185308848080133e+00 0.0000000000000000e+00 2.9316797330791949e-01
5.1285475792988313e+00 0.0000000000000000e+00 2.9081926395931712e-01
5.1385642737896493e+00 0.0000000000000000e+00 2.8847055461071519e-01
5.1485809682804673e+00 0.0000000000000000e+00 2.8612184526211332e-01
5.1585976627712853e+00 0.0000000000000000e+00 2.8377313591351100e-01
5.1686143572621033e+00 0.0000000000000000e+00 2.8152027267251206e-01
5.1786310517529213e+00 0.0000000000000000e+00 2.7928301228623864e-01
5.1886477462437393e+00 0.0000000000000000e+00 2.7704575189996494e-01
5.1986644407345572e+00 0.0000000000000000e+00 2.7480849151369124e-01
5.2086811352253752e+00 0.0000000000000000e+00 2.7257123112741743e-01
5.2186978297161932e+00 0.0000000000000000e+00 2.7033397074114396e-01
5.2287145242070112e+00 0.0000000000000000e+00 2.6818923737522798e-01
5.2387312186978292e+00 0.0000000000000000e+00 2.6605832988591605e-01
5.2487479131886481e+00 0.0000000000000000e+00 2.6392742239660399e-01
5.2587646076794661e+00 0.0000000000000000e+00 2.6179651490729178e-01
5.2687813021702841e+00 0.0000000000000000e+00 2.5966560741798012e-01
5.2787979966611021e+00 0.0000000000000000e+00 2.5753469992866845e-01
5.2888146911519200e+00 0.0000000000000000e+00 2.5549306555890366e-01
5.2988313856427380e+00 0.0000000000000000e+00 2.5346360479634950e-01
5.3088480801335560e+00 0.0000000000000000e+00 2.5143414403379560e-01
5.3188647746243740e+00 0.0000000000000000e+00 2.4940468327124177e-01
5.3288814691151920e+00 0.0000000000000000e+00 2.4737522250868760e-01
5.3388981636060100e+00 0.0000000000000000e+00 2.4534576174613340e-01
5.3489148580968280e+00 0.0000000000000000e+00 2.4340239164079208e-01
5.3589315525876460e+00 0.0000000000000000e+00 2.4146966195375710e-01
5.3689482470784640e+00 0.0000000000000000e+00 2.3953693226672190e-01
5.3789649415692820e+00 0.0000000000000000e+00 2.3760420257968623e-01
5.3889816360600999e+00 0.0000000000000000e+00 2.3567147289265125e-01
5.3989983305509179e+00 0.0000000000000000e+00 2.3373874320561633e-01
5.4090150250417359e+00 0.0000000000000000e+00 2.3188899811108107e-01
5.4190317195325539e+00 0.0000000000000000e+00 2.3004847352682287e-01
5.4290484140233719e+00 0.0000000000000000e+00 2.2820794894256494e-01
5.4390651085141899e+00 0.0000000000000000e+00 2.2636742435830698e-01
5.4490818030050079e+00 0.0000000000000000e+00 2.2452689977404880e-01
5.4590984974958259e+00 0.0000000000000000e+00 2.2268637518979059e-01
5.4691151919866448e+00 0.0000000000000000e+00 2.2092580893333666e-01
5.4791318864774627e+00 0.0000000000000000e+00 2.1917315064336812e-01
5.4891485809682807e+00 0.0000000000000000e+00 2.1742049235339991e-01
5.4991652754590987e+00 0.0000000000000000e+00 2.1566783406343146e-01
5.5091819699499167e+00 0.0000000000000000e+00 2.1391517577346289e-01
5.5191986644407347e+00 0.0000000000000000e+00 2.1216251748349471e-01
5.5292153589315527e+00 0.0000000000000000e+00 2.1048687365375926e-01
5.5392320534223707e+00 0.0000000000000000e+00 2.0881792673360833e-01
5.5492487479131887e+00 0.0000000000000000e+00 2.0714897981345740e-01
5.5592654424040067e+00 0.0000000000000000e+00 2.0548003289330677e-01
5.5692821368948247e+00 0.0000000000000000e+00 2.0381108597315614e-01
5.5792988313856426e+00 0.0000000000000000e+00 2.0214213905300490e-01
5.5893155258764606e+00 0.0000000000000000e+00 2.0054734719945141e-01
5.5993322203672786e+00 0.0000000000000000e+00 1.9895813691005004e-01
5.6093489148580966e+00 0.0000000000000000e+00 1.9736892662064864e-01
5.6193656093489146e+00 0.0000000000000000e+00 1.9577971633124702e-01
5.6293823038397326e+00 0.0000000000000000e+00 1.9419050604184535e-01
5.6393989983305506e+00 0.0000000000000000e+00 1.9260129575244400e-01
5.6494156928213686e+00 0.0000000000000000e+00 1.9108346648597174e-01
5.6594323873121866e+00 0.0000000000000000e+00 1.8957019345500478e-01
5.6694490818030046e+00 0.0000000000000000e+00 1.8805692042403785e-01
5.6794657762938225e+00 0.0000000000000000e+00 1.8654364739307092e-01
5.6894824707846414e+00 0.0000000000000000e+00 1.8503037436210393e-01
5.6994991652754594e+00 0.0000000000000000e+00 1.8351710133113724e-01
5.7095158597662774e+00 0.0000000000000000e+00 1.8207252095891302e-01
5.7195325542570954e+00 0.0000000000000000e+00 1.8063155598978001e-01
5.7295492487479134e+00 0.0000000000000000e+00 1.7919059102064716e-01
5.7395659432387314e+00 0.0000000000000000e+00 1.7774962605151437e-01
5.7495826377295494e+00 0.0000000000000000e+00 1.7630866108238133e-01
5.7595993322203674e+00 0.0000000000000000e+00 1.7486769611324832e-01
5.7696160267111853e+00 0.0000000000000000e+00 1.7349282133088001e-01
5.7796327212020033e+00 0.0000000000000000e+00 1.7212070030629276e-01
5.7896494156928213e+00 0.0000000000000000e+00 1.7074857928170553e-01
5.7996661101836393e+00 0.0000000000000000e+00 1.6937645825711825e-01
5.8096828046744573e+00 0.0000000000000000e+00 1.6800433723253122e-01
5.8196994991652753e+00 0.0000000000000000e+00 1.6663221620794427e-01
5.8297161936560933e+00 0.0000000000000000e+00 1.6532366818188254e-01
5.8397328881469113e+00 0.0000000000000000e+00 1.6401708633103240e-01
5.8497495826377293e+00 0.0000000000000000e+00 1.6271050448018254e-01
5.8597662771285473e+00 0.0000000000000000e+00 1.6140392262933267e-01
5.8697829716193652e+00 0.0000000000000000e+00 1.6009734077848231e-01
5.8797996661101832e+00 0.0000000000000000e+00 1.5879075892763223e-01
5.8898163606010012e+00 0.0000000000000000e+00 1.5754531716334608e-01
5.8998330550918192e+00 0.0000000000000000e+00 1.5630112315592820e-01
5.9098497495826381e+00 0.0000000000000000e+00 1.5505692914851002e-01
5.9198664440734561e+00 0.0000000000000000e+00 1.5381273514109187e-01
5.9298831385642741e+00 0.0000000000000000e+00 1.5256854113367377e-01
5.9398998330550921e+00 0.0000000000000000e+00 1.5132434712625578e-01
5.9499165275459100e+00 0.0000000000000000e+00 1.5013894359756391e-01
5.9599332220367280e+00 0.0000000000000000e+00 1.4895413391209078e-01
5.9699499165275460e+00 0.0000000000000000e+00 1.4776932422661748e-01
5.9799666110183640e+00 0.0000000000000000e+00 1.4658451454114457e-01
5.9899833055091820e+00 0.0000000000000000e+00 1.4539970485567166e-01
6.0000000000000000e+00 0.0000000000000000e+00 1.4421489517019856e-01
