0.0000000000000000e+00 -6.0000000000000000e+00 4.0122910640811248e-04
0.0000000000000000e+00 -5.9400000000000004e+00 3.9233967203171501e-04
0.0000000000000000e+00 -5.8799999999999999e+00 3.8343075575552449e-04
0.0000000000000000e+00 -5.8200000000000003e+00 3.7450232030889863e-04
0.0000000000000000e+00 -5.7599999999999998e+00 3.6555433492691685e-04
0.0000000000000000e+00 -5.7000000000000002e+00 3.5658677534861267e-04
0.0000000000000000e+00 -5.6399999999999997e+00 3.4759962381216369e-04
0.0000000000000000e+00 -5.5800000000000001e+00 3.3859286904693703e-04
0.0000000000000000e+00 -5.5199999999999996e+00 3.2956650626256106e-04
0.0000000000000000e+00 -5.4600000000000000e+00 3.2052053713492218e-04
0.0000000000000000e+00 -5.4000000000000004e+00 3.1145496978893868e-04
0.0000000000000000e+00 -5.3399999999999999e+00 3.0236981877839494e-04
0.0000000000000000e+00 -5.2800000000000002e+00 2.9326510506266063e-04
0.0000000000000000e+00 -5.2199999999999998e+00 2.8414085598023483e-04
0.0000000000000000e+00 -5.1600000000000001e+00 2.7499710521939800e-04
0.0000000000000000e+00 -5.0999999999999996e+00 2.6583389278550290e-04
0.0000000000000000e+00 -5.0400000000000000e+00 2.5665126496564653e-04
0.0000000000000000e+00 -4.9800000000000004e+00 2.4744927428977715e-04
0.0000000000000000e+00 -4.9199999999999999e+00 2.3822797948923054e-04
0.0000000000000000e+00 -4.8600000000000003e+00 2.2898744545199142e-04
0.0000000000000000e+00 -4.7999999999999998e+00 2.1972774317493746e-04
0.0000000000000000e+00 -4.7400000000000002e+00 2.1044894971338174e-04
0.0000000000000000e+00 -4.6799999999999997e+00 2.0115114812726490e-04
0.0000000000000000e+00 -4.6200000000000001e+00 1.9183442742481157e-04
0.0000000000000000e+00 -4.5599999999999996e+00 1.8249888250292329e-04
0.0000000000000000e+00 -4.5000000000000000e+00 1.7314461408510034e-04
0.0000000000000000e+00 -4.4400000000000004e+00 1.6377172865617343e-04
0.0000000000000000e+00 -4.3799999999999999e+00 1.5438033839433726e-04
0.0000000000000000e+00 -4.3200000000000003e+00 1.4497056110056132e-04
0.0000000000000000e+00 -4.2599999999999998e+00 1.3554252012510162e-04
0.0000000000000000e+00 -4.2000000000000002e+00 1.2609634429138557e-04
0.0000000000000000e+00 -4.1399999999999997e+00 1.1663216781720520e-04
0.0000000000000000e+00 -4.0800000000000001e+00 1.0715013023339078e-04
0.0000000000000000e+00 -4.0199999999999996e+00 9.7650376299919083e-05
0.0000000000000000e+00 -3.9600000000000000e+00 8.8133055919361811e-05
0.0000000000000000e+00 -3.8999999999999999e+00 7.8598324048087878e-05
0.0000000000000000e+00 -3.8399999999999999e+00 6.9046340604943897e-05
0.0000000000000000e+00 -3.7799999999999998e+00 5.9477270377504511e-05
0.0000000000000000e+00 -3.7200000000000002e+00 4.9891282926256249e-05
0.0000000000000000e+00 -3.6600000000000001e+00 4.0288552486276866e-05
0.0000000000000000e+00 -3.6000000000000001e+00 3.0669257866958134e-05
0.0000000000000000e+00 -3.5400000000000000e+00 2.1033582349433812e-05
0.0000000000000000e+00 -3.4800000000000000e+00 1.1381713582028948e-05
0.0000000000000000e+00 -3.4199999999999999e+00 1.7138434737435163e-06
0.0000000000000000e+00 -3.3599999999999999e+00 7.9698319142870559e-06
0.0000000000000000e+00 -3.2999999999999998e+00 1.7669112479125294e-05
0.0000000000000000e+00 -3.2400000000000002e+00 2.7383794188101532e-05
0.0000000000000000e+00 -3.1800000000000002e+00 3.7113669192838155e-05
0.0000000000000000e+00 -3.1200000000000001e+00 4.6858525944644489e-05
0.0000000000000000e+00 -3.0600000000000001e+00 5.6618149311696937e-05
0.0000000000000000e+00 -3.0000000000000000e+00 6.6392320697656335e-05
0.0000000000000000e+00 -2.9399999999999999e+00 7.6180818161683929e-05
0.0000000000000000e+00 -2.8799999999999999e+00 8.5983416539978704e-05
0.0000000000000000e+00 -2.8199999999999998e+00 9.5799887568317164e-05
0.0000000000000000e+00 -2.7599999999999998e+00 1.0563000000613334e-04
0.0000000000000000e+00 -2.7000000000000002e+00 1.1547351976150255e-04
0.0000000000000000e+00 -2.6400000000000001e+00 1.2533021001722528e-04
0.0000000000000000e+00 -2.5800000000000001e+00 1.3519983135795765e-04
0.0000000000000000e+00 -2.5200000000000000e+00 1.4508214189817002e-04
0.0000000000000000e+00 -2.4600000000000000e+00 1.5497689741090582e-04
0.0000000000000000e+00 -2.3999999999999999e+00 1.6488385145734322e-04
0.0000000000000000e+00 -2.3399999999999999e+00 1.7480275551695753e-04
0.0000000000000000e+00 -2.2799999999999998e+00 1.8473335911828185e-04
0.0000000000000000e+00 -2.2200000000000002e+00 1.9467540997012128e-04
0.0000000000000000e+00 -2.1600000000000001e+00 2.0462865409319475e-04
0.0000000000000000e+00 -2.1000000000000001e+00 2.1459283595216480e-04
0.0000000000000000e+00 -2.0400000000000000e+00 2.2456769858777341e-04
0.0000000000000000e+00 -1.9800000000000000e+00 2.3455298374927774e-04
0.0000000000000000e+00 -1.9199999999999999e+00 2.4454843202688229e-04
0.0000000000000000e+00 -1.8600000000000001e+00 2.5455378298420614e-04
0.0000000000000000e+00 -1.8000000000000000e+00 2.6456877529063135e-04
0.0000000000000000e+00 -1.7400000000000000e+00 2.7459314685356257e-04
0.0000000000000000e+00 -1.6799999999999999e+00 2.8462663495035245e-04
0.0000000000000000e+00 -1.6200000000000001e+00 2.9466897635994265e-04
0.0000000000000000e+00 -1.5600000000000001e+00 3.0471990749412591e-04
0.0000000000000000e+00 -1.5000000000000000e+00 3.1477916452827897e-04
0.0000000000000000e+00 -1.4399999999999999e+00 3.2484648353155003e-04
0.0000000000000000e+00 -1.3799999999999999e+00 3.3492160059642661e-04
0.0000000000000000e+00 -1.3200000000000001e+00 3.4500425196756421e-04
0.0000000000000000e+00 -1.2600000000000000e+00 3.5509417416979656e-04
0.0000000000000000e+00 -1.2000000000000000e+00 3.6519110413536977e-04
0.0000000000000000e+00 -1.1399999999999999e+00 3.7529477933012363e-04
0.0000000000000000e+00 -1.0800000000000001e+00 3.8540493787871891e-04
0.0000000000000000e+00 -1.0200000000000000e+00 3.9552131868879185e-04
0.0000000000000000e+00 -9.5999999999999996e-01 4.0564366157388760e-04
0.0000000000000000e+00 -9.0000000000000002e-01 4.1577170737522610e-04
0.0000000000000000e+00 -8.3999999999999997e-01 4.2590519808215080e-04
0.0000000000000000e+00 -7.8000000000000003e-01 4.3604387695121119e-04
0.0000000000000000e+00 -7.1999999999999997e-01 4.4618748862380354e-04
0.0000000000000000e+00 -6.6000000000000003e-01 4.5633577924236127e-04
0.0000000000000000e+00 -5.9999999999999998e-01 4.6648849656493450e-04
0.0000000000000000e+00 -5.4000000000000004e-01 4.7664539007820708e-04
0.0000000000000000e+00 -4.7999999999999998e-01 4.8680621110878128e-04
0.0000000000000000e+00 -4.1999999999999998e-01 4.9697071293278920e-04
0.0000000000000000e+00 -3.5999999999999999e-01 5.0713865088364881e-04
0.0000000000000000e+00 -2.9999999999999999e-01 5.1730978245802294e-04
0.0000000000000000e+00 -2.3999999999999999e-01 5.2748386741986416e-04
0.0000000000000000e+00 -1.7999999999999999e-01 5.3766066790249462e-04
0.0000000000000000e+00 -1.2000000000000000e-01 5.4783994850870457e-04
0.0000000000000000e+00 -5.9999999999999998e-02 5.5802147640879709e-04
0.0000000000000000e+00 0.0000000000000000e+00 0.0000000000000000e+00
0.0000000000000000e+00 5.9999999999999998e-02 5.5802147640879709e-04
0.0000000000000000e+00 1.2000000000000000e-01 5.4783994850870457e-04
0.0000000000000000e+00 1.7999999999999999e-01 5.3766066790249462e-04
0.0000000000000000e+00 2.3999999999999999e-01 5.2748386741986416e-04
0.0000000000000000e+00 2.9999999999999999e-01 5.1730978245802294e-04
0.0000000000000000e+00 3.5999999999999999e-01 5.0713865088364881e-04
0.0000000000000000e+00 4.1999999999999998e-01 4.9697071293278920e-04
0.0000000000000000e+00 4.7999999999999998e-01 4.8680621110878128e-04
0.0000000000000000e+00 5.4000000000000004e-01 4.7664539007820708e-04
0.0000000000000000e+00 5.9999999999999998e-01 4.6648849656493450e-04
0.0000000000000000e+00 6.6000000000000003e-01 4.5633577924236127e-04
0.0000000000000000e+00 7.1999999999999997e-01 4.4618748862380354e-04
0.0000000000000000e+00 7.8000000000000003e-01 4.3604387695121119e-04
0.0000000000000000e+00 8.3999999999999997e-01 4.2590519808215080e-04
0.0000000000000000e+00 9.0000000000000002e-01 4.1577170737522610e-04
0.0000000000000000e+00 9.5999999999999996e-01 4.0564366157388760e-04
0.0000000000000000e+00 1.0200000000000000e+00 3.9552131868879185e-04
0.0000000000000000e+00 1.0800000000000001e+00 3.8540493787871891e-04
0.0000000000000000e+00 1.1399999999999999e+00 3.7529477933012363e-04
0.0000000000000000e+00 1.2000000000000000e+00 3.6519110413536977e-04
0.0000000000000000e+00 1.2600000000000000e+00 3.5509417416979656e-04
0.0000000000000000e+00 1.3200000000000001e+00 3.4500425196756421e-04
0.0000000000000000e+00 1.3799999999999999e+00 3.3492160059642661e-04
0.0000000000000000e+00 1.4399999999999999e+00 3.2484648353155003e-04
0.0000000000000000e+00 1.5000000000000000e+00 3.1477916452827897e-04
0.0000000000000000e+00 1.5600000000000001e+00 3.0471990749412591e-04
0.0000000000000000e+00 1.6200000000000001e+00 2.9466897635994265e-04
0.0000000000000000e+00 1.6799999999999999e+00 2.8462663495035245e-04
0.0000000000000000e+00 1.7400000000000000e+00 2.7459314685356257e-04
0.0000000000000000e+00 1.8000000000000000e+00 2.6456877529063135e-04
0.0000000000000000e+00 1.8600000000000001e+00 2.5455378298420614e-04
0.0000000000000000e+00 1.9199999999999999e+00 2.4454843202688229e-04
0.0000000000000000e+00 1.9800000000000000e+00 2.3455298374927774e-04
0.0000000000000000e+00 2.0400000000000000e+00 2.2456769858777341e-04
0.0000000000000000e+00 2.1000000000000001e+00 2.1459283595216480e-04
0.0000000000000000e+00 2.1600000000000001e+00 2.0462865409319475e-04
0.0000000000000000e+00 2.2200000000000002e+00 1.9467540997012128e-04
0.0000000000000000e+00 2.2799999999999998e+00 1.8473335911828185e-04
0.0000000000000000e+00 2.3399999999999999e+00 1.7480275551695753e-04
0.0000000000000000e+00 2.3999999999999999e+00 1.6488385145734322e-04
0.0000000000000000e+00 2.4600000000000000e+00 1.5497689741090582e-04
0.0000000000000000e+00 2.5200000000000000e+00 1.4508214189817002e-04
0.0000000000000000e+00 2.5800000000000001e+00 1.3519983135795765e-04
0.0000000000000000e+00 2.6400000000000001e+00 1.2533021001722528e-04
0.0000000000000000e+00 2.7000000000000002e+00 1.1547351976150255e-04
0.0000000000000000e+00 2.7599999999999998e+00 1.0563000000613334e-04
0.0000000000000000e+00 2.8199999999999998e+00 9.5799887568317164e-05
0.0000000000000000e+00 2.8799999999999999e+00 8.5983416539978704e-05
0.0000000000000000e+00 2.9399999999999999e+00 7.6180818161683929e-05
0.0000000000000000e+00 3.0000000000000000e+00 6.6392320697656335e-05
0.0000000000000000e+00 3.0600000000000001e+00 5.6618149311696937e-05
0.0000000000000000e+00 3.1200000000000001e+00 4.6858525944644489e-05
0.0000000000000000e+00 3.1800000000000002e+00 3.7113669192838155e-05
0.0000000000000000e+00 3.2400000000000002e+00 2.7383794188101532e-05
0.0000000000000000e+00 3.2999999999999998e+00 1.7669112479125294e-05
0.0000000000000000e+00 3.3599999999999999e+00 7.9698319142870559e-06
0.0000000000000000e+00 3.4199999999999999e+00 1.7138434737435163e-06
0.0000000000000000e+00 3.4800000000000000e+00 1.1381713582028948e-05
0.0000000000000000e+00 3.5400000000000000e+00 2.1033582349433812e-05
0.0000000000000000e+00 3.6000000000000001e+00 3.0669257866958134e-05
0.0000000000000000e+00 3.6600000000000001e+00 4.0288552486276866e-05
0.0000000000000000e+00 3.7200000000000002e+00 4.9891282926256249e-05
0.0000000000000000e+00 3.7799999999999998e+00 5.9477270377504511e-05
0.0000000000000000e+00 3.8399999999999999e+00 6.9046340604943897e-05
0.0000000000000000e+00 3.8999999999999999e+00 7.8598324048087878e-05
0.0000000000000000e+00 3.9600000000000000e+00 8.8133055919361811e-05
0.0000000000000000e+00 4.0199999999999996e+00 9.7650376299919083e-05
0.0000000000000000e+00 4.0800000000000001e+00 1.0715013023339078e-04
0.0000000000000000e+00 4.1399999999999997e+00 1.1663216781720520e-04
0.0000000000000000e+00 4.2000000000000002e+00 1.2609634429138557e-04
0.0000000000000000e+00 4.2599999999999998e+00 1.3554252012510162e-04
0.0000000000000000e+00 4.3200000000000003e+00 1.4497056110056132e-04
0.0000000000000000e+00 4.3799999999999999e+00 1.5438033839433726e-04
0.0000000000000000e+00 4.4400000000000004e+00 1.6377172865617343e-04
0.0000000000000000e+00 4.5000000000000000e+00 1.7314461408510034e-04
0.0000000000000000e+00 4.5599999999999996e+00 1.8249888250292329e-04
0.0000000000000000e+00 4.6200000000000001e+00 1.9183442742481157e-04
0.0000000000000000e+00 4.6799999999999997e+00 2.0115114812726490e-04
0.0000000000000000e+00 4.7400000000000002e+00 2.1044894971338174e-04
0.0000000000000000e+00 4.7999999999999998e+00 2.1972774317493746e-04
0.0000000000000000e+00 4.8600000000000003e+00 2.2898744545199142e-04
0.0000000000000000e+00 4.9199999999999999e+00 2.3822797948923054e-04
0.0000000000000000e+00 4.9800000000000004e+00 2.4744927428977715e-04
0.0000000000000000e+00 5.0400000000000000e+00 2.5665126496564653e-04
0.0000000000000000e+00 5.0999999999999996e+00 2.6583389278550290e-04
0.0000000000000000e+00 5.1600000000000001e+00 2.7499710521939800e-04
0.0000000000000000e+00 5.2199999999999998e+00 2.8414085598023483e-04
0.0000000000000000e+00 5.2800000000000002e+00 2.9326510506266063e-04
0.0000000000000000e+00 5.3399999999999999e+00 3.0236981877839494e-04
0.0000000000000000e+00 5.4000000000000004e+00 3.1145496978893868e-04
0.0000000000000000e+00 5.4600000000000000e+00 3.2052053713492218e-04
0.0000000000000000e+00 5.5199999999999996e+00 3.2956650626256106e-04
0.0000000000000000e+00 5.5800000000000001e+00 3.3859286904693703e-04
0.0000000000000000e+00 5.6399999999999997e+00 3.4759962381216369e-04
0.0000000000000000e+00 5.7000000000000002e+00 3.5658677534861267e-04
0.0000000000000000e+00 5.7599999999999998e+00 3.6555433492691685e-04
0.0000000000000000e+00 5.8200000000000003e+00 3.7450232030889863e-04
0.0000000000000000e+00 5.8799999999999999e+00 3.8343075575552449e-04
0.0000000000000000e+00 5.9400000000000004e+00 3.9233967203171501e-04
0.0000000000000000e+00 6.0000000000000000e+00 4.0122910640811248e-04
