# r y true pred abs_error
0.0000000000000000e+00 0.0000000000000000e+00 6.9447447981169072e-14 7.2955651588688999e-16 6.8717891465282182e-14
1.0016694490818030e-02 0.0000000000000000e+00 8.8679133715899288e-03 9.3158844142369183e-05 8.7747545274475588e-03
2.0033388981636060e-02 0.0000000000000000e+00 1.7735826743110413e-02 1.8631768828400881e-04 1.7549509054826405e-02
3.0050083472454088e-02 0.0000000000000000e+00 2.6603740114630892e-02 2.7947653242564846e-04 2.6324263582205243e-02
4.0066777963272120e-02 0.0000000000000000e+00 3.5471653486152138e-02 3.7263537656729608e-04 3.5099018109584844e-02
5.0083472454090151e-02 0.0000000000000000e+00 4.4339566857672617e-02 4.6579422070893562e-04 4.3873772636963682e-02
6.0100166944908176e-02 0.0000000000000000e+00 5.3207599291138566e-02 5.5800447886638336e-04 5.2649594812272181e-02
7.0116861435726208e-02 0.0000000000000000e+00 6.2087418857200878e-02 5.5630472462596771e-04 6.1531114132574907e-02
8.0133555926544239e-02 0.0000000000000000e+00 7.0967238423263176e-02 5.5460497038555185e-04 7.0412633452877627e-02
9.0150250417362271e-02 0.0000000000000000e+00 7.9847057989326245e-02 5.5290521614513566e-04 7.9294152773181109e-02
1.0016694490818030e-01 0.0000000000000000e+00 8.8726877555388564e-02 5.5120546190471991e-04 8.8175672093483842e-02
1.1018363939899833e-01 0.0000000000000000e+00 9.7606697121451633e-02 5.4950570766430383e-04 9.7057191413787325e-02
1.2020033388981635e-01 0.0000000000000000e+00 1.0648698913362072e-01 5.4780596092737343e-04 1.0593918317269334e-01
1.3021702838063440e-01 0.0000000000000000e+00 1.1539043100501750e-01 5.4610658186122823e-04 1.1484432442315627e-01
1.4023372287145242e-01 0.0000000000000000e+00 1.2429387287641504e-01 5.4440720279508303e-04 1.2374946567361995e-01
1.5025041736227046e-01 0.0000000000000000e+00 1.3319731474781180e-01 5.4270782372893784e-04 1.3265460692408285e-01
1.6026711185308848e-01 0.0000000000000000e+00 1.4210075661920854e-01 5.4100844466279275e-04 1.4155974817454575e-01
1.7028380634390650e-01 0.0000000000000000e+00 1.5100419849060531e-01 5.3930906559664744e-04 1.5046488942500866e-01
1.8030050083472454e-01 0.0000000000000000e+00 1.5990868773455816e-01 5.3760969895182240e-04 1.5937107803560632e-01
1.9031719532554256e-01 0.0000000000000000e+00 1.6884704202446013e-01 5.3591073392968039e-04 1.6831113129053046e-01
2.0033388981636061e-01 0.0000000000000000e+00 1.7778539631436210e-01 5.3421176890753859e-04 1.7725118454545458e-01
2.1035058430717862e-01 0.0000000000000000e+00 1.8672375060426413e-01 5.3251280388539658e-04 1.8619123780037874e-01
2.2036727879799667e-01 0.0000000000000000e+00 1.9566210489416613e-01 5.3081383886325467e-04 1.9513129105530289e-01
2.3038397328881469e-01 0.0000000000000000e+00 2.0460045918406883e-01 5.2911487384111266e-04 2.0407134431022772e-01
2.4040066777963270e-01 0.0000000000000000e+00 2.1354063596470954e-01 5.2741592695266550e-04 2.1301322003775688e-01
2.5041736227045075e-01 0.0000000000000000e+00 2.2252455252307507e-01 5.2571741527289234e-04 2.2199883510780219e-01
2.6043405676126880e-01 0.0000000000000000e+00 2.3150846908144054e-01 5.2401890359311917e-04 2.3098445017784741e-01
2.7045075125208679e-01 0.0000000000000000e+00 2.4049238563980607e-01 5.2232039191334623e-04 2.3997006524789272e-01
2.8046744574290483e-01 0.0000000000000000e+00 2.4947630219817235e-01 5.2062188023357296e-04 2.4895568031793877e-01
2.9048414023372288e-01 0.0000000000000000e+00 2.5846021875653780e-01 5.1892336855379980e-04 2.5794129538798399e-01
3.0050083472454092e-01 0.0000000000000000e+00 2.6744690255983927e-01 5.1722488152667657e-04 2.6692967767831260e-01
3.1051752921535891e-01 0.0000000000000000e+00 2.7648616401691867e-01 5.1552686289990310e-04 2.7597063715401876e-01
3.2053422370617696e-01 0.0000000000000000e+00 2.8552542547399812e-01 5.1382884427312963e-04 2.8501159662972497e-01
3.3055091819699500e-01 0.0000000000000000e+00 2.9456468693107835e-01 5.1213082564635572e-04 2.9405255610543202e-01
3.4056761268781299e-01 0.0000000000000000e+00 3.0360394838815852e-01 5.1043280701958192e-04 3.0309351558113895e-01
3.5058430717863104e-01 0.0000000000000000e+00 3.1264320984523786e-01 5.0873478839280845e-04 3.1213447505684505e-01
3.6060100166944908e-01 0.0000000000000000e+00 3.2168631235029954e-01 5.0703680175558585e-04 3.2117927554854397e-01
3.7061769616026713e-01 0.0000000000000000e+00 3.3078959127374524e-01 5.0533931628799660e-04 3.3028425195745725e-01
3.8063439065108512e-01 0.0000000000000000e+00 3.3989287019719167e-01 5.0364183082040725e-04 3.3938922836637125e-01
3.9065108514190316e-01 0.0000000000000000e+00 3.4899614912063742e-01 5.0194434535281800e-04 3.4849420477528459e-01
4.0066777963272121e-01 0.0000000000000000e+00 3.5809942804408312e-01 5.0024685988522897e-04 3.5759918118419787e-01
4.1068447412353920e-01 0.0000000000000000e+00 3.6720270696752882e-01 4.9854937441763962e-04 3.6670415759311120e-01
4.2070116861435725e-01 0.0000000000000000e+00 3.7631097845608430e-01 4.9685192910512213e-04 3.7581412652697915e-01
4.3071786310517529e-01 0.0000000000000000e+00 3.8548557973823816e-01 4.9515501728141463e-04 3.8499042472095674e-01
4.4073455759599334e-01 0.0000000000000000e+00 3.9466018102039124e-01 4.9345810545770713e-04 3.9416672291493354e-01
4.5075125208681133e-01 0.0000000000000000e+00 4.0383478230254438e-01 4.9176119363399963e-04 4.0334302110891040e-01
4.6076794657762937e-01 0.0000000000000000e+00 4.1300938358469741e-01 4.9006428181029213e-04 4.1251931930288710e-01
4.7078464106844742e-01 0.0000000000000000e+00 4.2218398486685044e-01 4.8836736998658474e-04 4.2169561749686385e-01
4.8080133555926541e-01 0.0000000000000000e+00 4.3136474501560773e-01 4.8667050732205489e-04 4.3087807450828569e-01
4.9081803005008345e-01 0.0000000000000000e+00 4.4061633213029877e-01 4.8497420998806925e-04 4.4013135792031072e-01
5.0083472454090150e-01 0.0000000000000000e+00 4.4986791924498970e-01 4.8327791265408360e-04 4.4938464133233563e-01
5.1085141903171949e-01 0.0000000000000000e+00 4.5911950635968063e-01 4.8158161532009785e-04 4.5863792474436055e-01
5.2086811352253759e-01 0.0000000000000000e+00 4.6837109347437156e-01 4.7988531798611220e-04 4.6789120815638546e-01
5.3088480801335558e-01 0.0000000000000000e+00 4.7762268058906343e-01 4.7818902065212651e-04 4.7714449156841132e-01
5.4090150250417357e-01 0.0000000000000000e+00 4.8688153193229000e-01 4.7649278232925218e-04 4.8640503914996075e-01
5.5091819699499167e-01 0.0000000000000000e+00 4.9621383269737501e-01 4.7479714067428169e-04 4.9573903555670074e-01
5.6093489148580966e-01 0.0000000000000000e+00 5.0554613346245825e-01 4.7310149901931146e-04 5.0507303196343889e-01
5.7095158597662765e-01 0.0000000000000000e+00 5.1487843422754331e-01 4.7140585736434103e-04 5.1440702837017893e-01
5.8096828046744575e-01 0.0000000000000000e+00 5.2421073499262827e-01 4.6971021570937053e-04 5.2374102477691886e-01
5.9098497495826374e-01 0.0000000000000000e+00 5.3354303575771245e-01 4.6801457405440020e-04 5.3307502118365802e-01
6.0100166944908184e-01 0.0000000000000000e+00 5.4288355588324999e-01 4.6631900211880706e-04 5.4241723688113119e-01
6.1101836393989983e-01 0.0000000000000000e+00 5.5229805025286505e-01 4.6462405765760961e-04 5.5183342619520748e-01
6.2103505843071782e-01 0.0000000000000000e+00 5.6171254462248033e-01 4.6292911319641204e-04 5.6124961550928387e-01
6.3105175292153592e-01 0.0000000000000000e+00 5.7112703899209627e-01 4.6123416873521442e-04 5.7066580482336104e-01
6.4106844741235391e-01 0.0000000000000000e+00 5.8054153336171166e-01 4.5953922427401691e-04 5.8008199413743766e-01
6.5108514190317190e-01 0.0000000000000000e+00 5.8995602773132683e-01 4.5784427981281946e-04 5.8949818345151406e-01
6.6110183639399001e-01 0.0000000000000000e+00 5.9937944265843168e-01 4.5614941664334844e-04 5.9892329324178828e-01
6.7111853088480800e-01 0.0000000000000000e+00 6.0887503300522383e-01 4.5445521119784636e-04 6.0842057779402603e-01
6.8113522537562599e-01 0.0000000000000000e+00 6.1837062335201698e-01 4.5276100575234406e-04 6.1791786234626467e-01
6.9115191986644409e-01 0.0000000000000000e+00 6.2786621369880902e-01 4.5106680030684203e-04 6.2741514689850220e-01
7.0116861435726208e-01 0.0000000000000000e+00 6.3736180404560117e-01 4.4937259486133989e-04 6.3691243145073984e-01
7.1118530884808018e-01 0.0000000000000000e+00 6.4685739439239343e-01 4.4767838941583787e-04 6.4640971600297759e-01
7.2120200333889817e-01 0.0000000000000000e+00 6.5636223376018810e-01 4.4598427770548027e-04 6.5591624948248262e-01
7.3121869782971616e-01 0.0000000000000000e+00 6.6593489928199978e-01 4.4429085338618259e-04 6.6549060842861363e-01
7.4123539232053426e-01 0.0000000000000000e+00 6.7550756480381069e-01 4.4259742906688508e-04 6.7506496737474375e-01
7.5125208681135225e-01 0.0000000000000000e+00 6.8508023032562149e-01 4.4090400474758746e-04 6.8463932632087388e-01
7.6126878130217024e-01 0.0000000000000000e+00 6.9465289584743251e-01 4.3921058042829000e-04 6.9421368526700422e-01
7.7128547579298834e-01 0.0000000000000000e+00 7.0422556136924319e-01 4.3751715610899244e-04 7.0378804421313423e-01
7.8130217028380633e-01 0.0000000000000000e+00 7.1380729780764751e-01 4.3582383884553086e-04 7.1337147396880196e-01
7.9131886477462432e-01 0.0000000000000000e+00 7.2344973961093018e-01 4.3413123803266626e-04 7.2301560837289747e-01
8.0133555926544242e-01 0.0000000000000000e+00 7.3309218141421451e-01 4.3243863721980133e-04 7.3265974277699475e-01
8.1135225375626041e-01 0.0000000000000000e+00 7.4273462321749772e-01 4.3074603640693641e-04 7.4230387718109081e-01
8.2136894824707840e-01 0.0000000000000000e+00 7.5237706502078228e-01 4.2905343559407149e-04 7.5194801158518820e-01
8.3138564273789650e-01 0.0000000000000000e+00 7.6201950682406572e-01 4.2736083478120673e-04 7.6159214598928449e-01
8.4140233722871449e-01 0.0000000000000000e+00 7.7167018626244688e-01 4.2566835522755714e-04 7.7124451790721937e-01
8.5141903171953259e-01 0.0000000000000000e+00 7.8137146831642657e-01 4.2397662055194366e-04 7.8094749169587463e-01
8.6143572621035058e-01 0.0000000000000000e+00 7.9107275037040625e-01 4.2228488587633028e-04 7.9065046548452989e-01
8.7145242070116857e-01 0.0000000000000000e+00 8.0077403242438672e-01 4.2059315120071664e-04 8.0035343927318603e-01
8.8146911519198667e-01 0.0000000000000000e+00 8.1047531447836640e-01 4.1890141652510315e-04 8.1005641306184129e-01
8.9148580968280466e-01 0.0000000000000000e+00 8.2017659653234598e-01 4.1720968184948978e-04 8.1975938685049654e-01
9.0150250417362265e-01 0.0000000000000000e+00 8.2988446540237348e-01 4.1551808352376573e-04 8.2946894731884968e-01
9.1151919866444076e-01 0.0000000000000000e+00 8.3962965956333746e-01 4.1382725784741542e-04 8.3921583230549002e-01
9.2153589315525875e-01 0.0000000000000000e+00 8.4937485372430210e-01 4.1213643217106495e-04 8.4896271729213102e-01
9.3155258764607674e-01 0.0000000000000000e+00 8.5912004788526619e-01 4.1044560649471470e-04 8.5870960227877147e-01
9.4156928213689484e-01 0.0000000000000000e+00 8.6886524204623017e-01 4.0875478081836439e-04 8.6845648726541180e-01
9.5158597662771283e-01 0.0000000000000000e+00 8.7861043620719403e-01 4.0706395514201413e-04 8.7820337225205203e-01
9.6160267111853082e-01 0.0000000000000000e+00 8.8835957554650924e-01 4.0537328179731627e-04 8.8795420226471189e-01
9.7161936560934892e-01 0.0000000000000000e+00 8.9812942707216947e-01 4.0368340819379436e-04 8.9772574366397573e-01
9.8163606010016691e-01 0.0000000000000000e+00 9.0789927859782860e-01 4.0199353459027267e-04 9.0749728506323835e-01
9.9165275459098501e-01 0.0000000000000000e+00 9.1766913012348894e-01 4.0030366098675060e-04 9.1726882646250218e-01
1.0016694490818030e+00 0.0000000000000000e+00 9.2743898164914718e-01 3.9861378738322901e-04 9.2704036786176391e-01
1.0116861435726210e+00 0.0000000000000000e+00 9.3720883317480752e-01 3.9692391377970705e-04 9.3681190926102786e-01
1.0217028380634390e+00 0.0000000000000000e+00 9.4697881646417614e-01 3.9523420938365674e-04 9.4658358225479244e-01
1.0317195325542572e+00 0.0000000000000000e+00 9.5674944307048082e-01 3.9354533111820195e-04 9.5635589773936258e-01
1.0417362270450752e+00 0.0000000000000000e+00 9.6652006967678483e-01 3.9185645285274738e-04 9.6612821322393205e-01
1.0517529215358932e+00 0.0000000000000000e+00 9.7629069628308862e-01 3.9016757458729291e-04 9.7590052870850130e-01
1.0617696160267112e+00 0.0000000000000000e+00 9.8606132288939241e-01 3.8847869632183829e-04 9.8567284419307055e-01
1.0717863105175292e+00 0.0000000000000000e+00 9.9583194949569720e-01 3.8678981805638361e-04 9.9544515967764080e-01
1.0818030050083471e+00 0.0000000000000000e+00 1.0055975379856010e+00 3.8510112677040591e-04 1.0052124368588307e+00
1.0918196994991654e+00 0.0000000000000000e+00 1.0153401750563504e+00 3.8341328727982242e-04 1.0149567617690707e+00
1.1018363939899833e+00 0.0000000000000000e+00 1.0250828121271001e+00 3.8172544778923892e-04 1.0247010866793109e+00
1.1118530884808013e+00 0.0000000000000000e+00 1.0348254491978497e+00 3.8003760829865543e-04 1.0344454115895509e+00
1.1218697829716193e+00 0.0000000000000000e+00 1.0445680862685995e+00 3.7834976880807178e-04 1.0441897364997914e+00
1.1318864774624373e+00 0.0000000000000000e+00 1.0543107233393489e+00 3.7666192931748828e-04 1.0539340614100314e+00
1.1419031719532553e+00 0.0000000000000000e+00 1.0640416159137296e+00 3.7497429547585806e-04 1.0636666416182536e+00
1.1519198664440735e+00 0.0000000000000000e+00 1.0737224398456959e+00 3.7328753834818627e-04 1.0733491523073477e+00
1.1619365609348915e+00 0.0000000000000000e+00 1.0834032637776625e+00 3.7160078122051453e-04 1.0830316629964420e+00
1.1719532554257095e+00 0.0000000000000000e+00 1.0930840877096297e+00 3.6991402409284268e-04 1.0927141736855368e+00
1.1819699499165275e+00 0.0000000000000000e+00 1.1027649116415963e+00 3.6822726696517089e-04 1.1023966843746311e+00
1.1919866444073455e+00 0.0000000000000000e+00 1.1124457355735626e+00 3.6654050983749915e-04 1.1120791950637252e+00
1.2020033388981637e+00 0.0000000000000000e+00 1.1221064047464051e+00 3.6485397792616062e-04 1.1217415507684789e+00
1.2120200333889817e+00 0.0000000000000000e+00 1.1316864548827481e+00 3.6316834688015516e-04 1.1313232865358680e+00
1.2220367278797997e+00 0.0000000000000000e+00 1.1412665050190933e+00 3.6148271583414938e-04 1.1409050223032591e+00
1.2320534223706177e+00 0.0000000000000000e+00 1.1508465551554361e+00 3.5979708478814398e-04 1.1504867580706479e+00
1.2420701168614356e+00 0.0000000000000000e+00 1.1604266052917811e+00 3.5811145374213830e-04 1.1600684938380390e+00
1.2520868113522536e+00 0.0000000000000000e+00 1.1700066554281239e+00 3.5642582269613301e-04 1.1696502296054276e+00
1.2621035058430718e+00 0.0000000000000000e+00 1.1795562895314540e+00 3.5474043733131291e-04 1.1792015490941226e+00
1.2721202003338898e+00 0.0000000000000000e+00 1.1889915014153529e+00 3.5305597619571472e-04 1.1886384454391572e+00
1.2821368948247078e+00 0.0000000000000000e+00 1.1984267132992508e+00 3.5137151506011663e-04 1.1980753417841907e+00
1.2921535893155258e+00 0.0000000000000000e+00 1.2078619251831491e+00 3.4968705392451871e-04 1.2075122381292245e+00
1.3021702838063438e+00 0.0000000000000000e+00 1.2172971370670467e+00 3.4800259278892063e-04 1.2169491344742578e+00
1.3121869782971620e+00 0.0000000000000000e+00 1.2267323489509450e+00 3.4631813165332255e-04 1.2263860308192915e+00
1.3222036727879800e+00 0.0000000000000000e+00 1.2361249206645188e+00 3.4463393755993491e-04 1.2357802867269589e+00
1.3322203672787980e+00 0.0000000000000000e+00 1.2453663135923985e+00 3.4295069025256638e-04 1.2450233629021459e+00
1.3422370617696160e+00 0.0000000000000000e+00 1.2546077065202781e+00 3.4126744294519785e-04 1.2542664390773328e+00
1.3522537562604340e+00 0.0000000000000000e+00 1.2638490994481579e+00 3.3958419563782943e-04 1.2635095152525202e+00
1.3622704507512520e+00 0.0000000000000000e+00 1.2730904923760376e+00 3.3790094833046084e-04 1.2727525914277071e+00
1.3722871452420702e+00 0.0000000000000000e+00 1.2823318853039178e+00 3.3621770102309210e-04 1.2819956676028947e+00
1.3823038397328882e+00 0.0000000000000000e+00 1.2915163872788591e+00 3.3453474301295899e-04 1.2911818525358461e+00
1.3923205342237062e+00 0.0000000000000000e+00 1.3005104282374464e+00 3.3285275351965744e-04 1.3001775754839269e+00
1.4023372287145242e+00 0.0000000000000000e+00 1.3095044691960342e+00 3.3117076402635584e-04 1.3091732984320079e+00
1.4123539232053421e+00 0.0000000000000000e+00 1.3184985101546216e+00 3.2948877453305435e-04 1.3181690213800885e+00
1.4223706176961604e+00 0.0000000000000000e+00 1.3274925511132096e+00 3.2780678503975259e-04 1.3271647443281698e+00
1.4323873121869783e+00 0.0000000000000000e+00 1.3364865920717981e+00 3.2612479554645088e-04 1.3361604672762517e+00
1.4424040066777963e+00 0.0000000000000000e+00 1.3454074582357163e+00 3.2444311849635238e-04 1.3450830151172199e+00
1.4524207011686143e+00 0.0000000000000000e+00 1.3540966042165250e+00 3.2276243084972930e-04 1.3537738417856753e+00
1.4624373956594323e+00 0.0000000000000000e+00 1.3627857501973326e+00 3.2108174320310656e-04 1.3624646684541295e+00
1.4724540901502503e+00 0.0000000000000000e+00 1.3714748961781413e+00 3.1940105555648349e-04 1.3711554951225848e+00
1.4824707846410685e+00 0.0000000000000000e+00 1.3801640421589489e+00 3.1772036790986069e-04 1.3798463217910391e+00
1.4924874791318865e+00 0.0000000000000000e+00 1.3888531881397570e+00 3.1603968026323778e-04 1.3885371484594937e+00
1.5025041736227045e+00 0.0000000000000000e+00 1.3974509101940182e+00 3.1435932909278845e-04 1.3971365508649254e+00
1.5125208681135225e+00 0.0000000000000000e+00 1.4057743604686463e+00 3.1267998735085966e-04 1.4054616804812954e+00
1.5225375626043405e+00 0.0000000000000000e+00 1.4140978107432740e+00 3.1100064560893092e-04 1.4137868100976652e+00
1.5325542570951585e+00 0.0000000000000000e+00 1.4224212610179015e+00 3.0932130386700219e-04 1.4221119397140345e+00
1.5425709515859767e+00 0.0000000000000000e+00 1.4307447112925289e+00 3.0764196212507350e-04 1.4304370693304038e+00
1.5525876460767947e+00 0.0000000000000000e+00 1.4390681615671568e+00 3.0596262038314488e-04 1.4387621989467736e+00
1.5626043405676127e+00 0.0000000000000000e+00 1.4472801289741288e+00 3.0428364003253362e-04 1.4469758453340964e+00
1.5726210350584306e+00 0.0000000000000000e+00 1.4551747989885475e+00 3.0260568825721089e-04 1.4548721933002904e+00
1.5826377295492486e+00 0.0000000000000000e+00 1.4630694690029666e+00 3.0092773648188816e-04 1.4627685412664848e+00
1.5926544240400669e+00 0.0000000000000000e+00 1.4709641390173853e+00 2.9924978470656543e-04 1.4706648892326788e+00
1.6026711185308848e+00 0.0000000000000000e+00 1.4788588090318047e+00 2.9757183293124270e-04 1.4785612371988734e+00
1.6126878130217028e+00 0.0000000000000000e+00 1.4867534790462240e+00 2.9589388115591986e-04 1.4864575851650681e+00
1.6227045075125208e+00 0.0000000000000000e+00 1.4945150450363556e+00 2.9421631656350862e-04 1.4942208287197920e+00
1.6327212020033388e+00 0.0000000000000000e+00 1.5019167371830533e+00 2.9253979879896938e-04 1.5016241973842543e+00
1.6427378964941568e+00 0.0000000000000000e+00 1.5093184293297506e+00 2.9086328103443009e-04 1.5090275660487162e+00
1.6527545909849750e+00 0.0000000000000000e+00 1.5167201214764485e+00 2.8918676326989090e-04 1.5164309347131786e+00
1.6627712854757930e+00 0.0000000000000000e+00 1.5241218136231478e+00 2.8751024550535139e-04 1.5238343033776425e+00
1.6727879799666110e+00 0.0000000000000000e+00 1.5315235057698446e+00 2.8583372774081231e-04 1.5312376720421039e+00
1.6828046744574290e+00 0.0000000000000000e+00 1.5387692539977174e+00 2.8415762382061083e-04 1.5384850963738967e+00
1.6928213689482470e+00 0.0000000000000000e+00 1.5456140035771910e+00 2.8248258407156425e-04 1.5453315209931195e+00
1.7028380634390652e+00 0.0000000000000000e+00 1.5524587531566658e+00 2.8080754432251739e-04 1.5521779456123432e+00
1.7128547579298832e+00 0.0000000000000000e+00 1.5593035027361404e+00 2.7913250457347059e-04 1.5590243702315669e+00
1.7228714524207012e+00 0.0000000000000000e+00 1.5661482523156138e+00 2.7745746482442396e-04 1.5658707948507895e+00
1.7328881469115192e+00 0.0000000000000000e+00 1.5729930018950884e+00 2.7578242507537721e-04 1.5727172194700130e+00
1.7429048414023371e+00 0.0000000000000000e+00 1.5796581967597023e+00 2.7410782669441366e-04 1.5793840889330080e+00
1.7529215358931551e+00 0.0000000000000000e+00 1.5858837921500122e+00 2.7243430890427504e-04 1.5856113578411080e+00
1.7629382303839733e+00 0.0000000000000000e+00 1.5921093875403236e+00 2.7076079111413616e-04 1.5918386267492095e+00
1.7729549248747913e+00 0.0000000000000000e+00 1.5983349829306333e+00 2.6908727332399760e-04 1.5980658956573093e+00
1.7829716193656093e+00 0.0000000000000000e+00 1.6045605783209442e+00 2.6741375553385866e-04 1.6042931645654104e+00
1.7929883138564273e+00 0.0000000000000000e+00 1.6107861737112550e+00 2.6574023774371983e-04 1.6105204334735113e+00
1.8030050083472453e+00 0.0000000000000000e+00 1.6168083723618016e+00 2.6406718969931614e-04 1.6165443051721022e+00
1.8130217028380635e+00 0.0000000000000000e+00 1.6223559786195800e+00 2.6239523772829339e-04 1.6220935833818517e+00
1.8230383973288815e+00 0.0000000000000000e+00 1.6279035848773575e+00 2.6072328575727096e-04 1.6276428615916003e+00
1.8330550918196995e+00 0.0000000000000000e+00 1.6334511911351357e+00 2.5905133378624831e-04 1.6331921398013494e+00
1.8430717863105175e+00 0.0000000000000000e+00 1.6389987973929141e+00 2.5737938181522561e-04 1.6387414180110988e+00
1.8530884808013355e+00 0.0000000000000000e+00 1.6445464036506916e+00 2.5570742984420313e-04 1.6442906962208474e+00
1.8631051752921535e+00 0.0000000000000000e+00 1.6498671459268113e+00 2.5403597684116406e-04 1.6496131099499700e+00
1.8731218697829717e+00 0.0000000000000000e+00 1.6546829328889285e+00 2.5236563444428189e-04 1.6544305672544843e+00
1.8831385642737897e+00 0.0000000000000000e+00 1.6594987198510449e+00 2.5069529204739993e-04 1.6592480245589976e+00
1.8931552587646077e+00 0.0000000000000000e+00 1.6643145068131620e+00 2.4902494965051754e-04 1.6640654818635114e+00
1.9031719532554257e+00 0.0000000000000000e+00 1.6691302937752781e+00 2.4735460725363564e-04 1.6688829391680244e+00
1.9131886477462436e+00 0.0000000000000000e+00 1.6739460807373954e+00 2.4568426485675342e-04 1.6737003964725385e+00
1.9232053422370616e+00 0.0000000000000000e+00 1.6785125828774574e+00 2.4401445148449760e-04 1.6782685684259728e+00
1.9332220367278798e+00 0.0000000000000000e+00 1.6825493547706671e+00 2.4234576228957159e-04 1.6823070090083776e+00
1.9432387312186978e+00 0.0000000000000000e+00 1.6865861266638751e+00 2.4067707309464610e-04 1.6863454495907804e+00
1.9532554257095158e+00 0.0000000000000000e+00 1.6906228985570846e+00 2.3900838389972036e-04 1.6903838901731849e+00
1.9632721202003338e+00 0.0000000000000000e+00 1.6946596704502928e+00 2.3733969470479487e-04 1.6944223307555879e+00
1.9732888146911518e+00 0.0000000000000000e+00 1.6986964423435016e+00 2.3567100550986916e-04 1.6984607713379918e+00
1.9833055091819700e+00 0.0000000000000000e+00 1.7024632605161285e+00 2.3400287621950315e-04 1.7022292576399090e+00
1.9933222036727880e+00 0.0000000000000000e+00 1.7056819908318295e+00 2.3233588370506189e-04 1.7054496549481244e+00
2.0033388981636060e+00 0.0000000000000000e+00 1.7089007211475300e+00 2.3066889119062058e-04 1.7086700522563394e+00
2.0133555926544240e+00 0.0000000000000000e+00 1.7121194514632319e+00 2.2900189867617902e-04 1.7118904495645557e+00
2.0233722871452420e+00 0.0000000000000000e+00 1.7153381817789328e+00 2.2733490616173746e-04 1.7151108468727712e+00
2.0333889816360600e+00 0.0000000000000000e+00 1.7185569120946345e+00 2.2566791364729587e-04 1.7183312441809873e+00
2.0434056761268780e+00 0.0000000000000000e+00 1.7214874496041375e+00 2.2400151272864834e-04 1.7212634480914089e+00
2.0534223706176959e+00 0.0000000000000000e+00 1.7238585540192695e+00 2.2233626020183543e-04 1.7236362177590676e+00
2.0634390651085144e+00 0.0000000000000000e+00 1.7262296584344012e+00 2.2067100767502251e-04 1.7260089874267261e+00
2.0734557595993324e+00 0.0000000000000000e+00 1.7286007628495330e+00 2.1900575514820989e-04 1.7283817570943849e+00
2.0834724540901504e+00 0.0000000000000000e+00 1.7309718672646652e+00 2.1734050262139698e-04 1.7307545267620439e+00
2.0934891485809684e+00 0.0000000000000000e+00 1.7333429716797970e+00 2.1567525009458436e-04 1.7331272964297024e+00
2.1035058430717863e+00 0.0000000000000000e+00 1.7354107189247407e+00 2.1401062165321780e-04 1.7351967083030875e+00
2.1135225375626043e+00 0.0000000000000000e+00 1.7369150885679192e+00 2.1234715222768038e-04 1.7367027414156915e+00
2.1235392320534223e+00 0.0000000000000000e+00 1.7384194582110977e+00 2.1068368280214271e-04 1.7382087745282955e+00
2.1335559265442403e+00 0.0000000000000000e+00 1.7399238278542764e+00 2.0902021337660501e-04 1.7397148076408997e+00
2.1435726210350583e+00 0.0000000000000000e+00 1.7414281974974553e+00 2.0735674395106729e-04 1.7412208407535041e+00
2.1535893155258763e+00 0.0000000000000000e+00 1.7429325671406337e+00 2.0569327452552992e-04 1.7427268738661081e+00
2.1636060100166943e+00 0.0000000000000000e+00 1.7441220851383197e+00 2.0403046245974561e-04 1.7439180546758599e+00
2.1736227045075123e+00 0.0000000000000000e+00 1.7447518668773647e+00 2.0236881903352318e-04 1.7445494980583311e+00
2.1836393989983307e+00 0.0000000000000000e+00 1.7453816486164095e+00 2.0070717560730046e-04 1.7451809414408022e+00
2.1936560934891487e+00 0.0000000000000000e+00 1.7460114303554548e+00 1.9904553218107771e-04 1.7458123848232738e+00
2.2036727879799667e+00 0.0000000000000000e+00 1.7466412120944999e+00 1.9738388875485525e-04 1.7464438282057451e+00
2.2136894824707847e+00 0.0000000000000000e+00 1.7472709938335449e+00 1.9572224532863280e-04 1.7470752715882163e+00
2.2237061769616027e+00 0.0000000000000000e+00 1.7475785470219227e+00 1.9406129330647631e-04 1.7473844857286163e+00
2.2337228714524207e+00 0.0000000000000000e+00 1.7473374407862030e+00 1.9240151853989169e-04 1.7471450392676631e+00
2.2437395659432386e+00 0.0000000000000000e+00 1.7470963345504835e+00 1.9074174377330764e-04 1.7469055928067103e+00
2.2537562604340566e+00 0.0000000000000000e+00 1.7468552283147636e+00 1.8908196900672359e-04 1.7466661463457569e+00
2.2637729549248746e+00 0.0000000000000000e+00 1.7466141220790443e+00 1.8742219424013927e-04 1.7464266998848041e+00
2.2737896494156926e+00 0.0000000000000000e+00 1.7463730158433248e+00 1.8576241947355492e-04 1.7461872534238512e+00
2.2838063439065106e+00 0.0000000000000000e+00 1.7458067320395008e+00 1.8410337090984165e-04 1.7456226286685910e+00
2.2938230383973290e+00 0.0000000000000000e+00 1.7447098953614120e+00 1.8244550720344349e-04 1.7445274498542085e+00
2.3038397328881470e+00 0.0000000000000000e+00 1.7436130586833234e+00 1.8078764349704557e-04 1.7434322710398265e+00
2.3138564273789650e+00 0.0000000000000000e+00 1.7425162220052353e+00 1.7912977979064743e-04 1.7423370922254446e+00
2.3238731218697830e+00 0.0000000000000000e+00 1.7414193853271465e+00 1.7747191608424927e-04 1.7412419134110622e+00
2.3338898163606010e+00 0.0000000000000000e+00 1.7403225486490581e+00 1.7581405237785110e-04 1.7401467345966803e+00
2.3439065108514190e+00 0.0000000000000000e+00 1.7389022006910182e+00 1.7415695041123066e-04 1.7387280437406070e+00
2.3539232053422370e+00 0.0000000000000000e+00 1.7369758479105022e+00 1.7250103988374903e-04 1.7368033468706185e+00
2.3639398998330550e+00 0.0000000000000000e+00 1.7350494951299866e+00 1.7084512935626765e-04 1.7348786500006304e+00
2.3739565943238730e+00 0.0000000000000000e+00 1.7331231423494708e+00 1.6918921882878607e-04 1.7329539531306422e+00
2.3839732888146909e+00 0.0000000000000000e+00 1.7311967895689548e+00 1.6753330830130466e-04 1.7310292562606535e+00
2.3939899833055089e+00 0.0000000000000000e+00 1.7292704367884391e+00 1.6587739777382306e-04 1.7291045593906653e+00
2.4040066777963274e+00 0.0000000000000000e+00 1.7270268510685860e+00 1.6422228524388242e-04 1.7268626287833422e+00
2.4140233722871454e+00 0.0000000000000000e+00 1.7243074159397405e+00 1.6256836971025366e-04 1.7241448475700303e+00
2.4240400667779634e+00 0.0000000000000000e+00 1.7215879808108936e+00 1.6091445417662457e-04 1.7214270663567171e+00
2.4340567612687813e+00 0.0000000000000000e+00 1.7188685456820472e+00 1.5926053864299554e-04 1.7187092851434043e+00
2.4440734557595993e+00 0.0000000000000000e+00 1.7161491105532003e+00 1.5760662310936645e-04 1.7159915039300910e+00
2.4540901502504173e+00 0.0000000000000000e+00 1.7134296754243543e+00 1.5595270757573769e-04 1.7132737227167785e+00
2.4641068447412353e+00 0.0000000000000000e+00 1.7104037606333682e+00 1.5429962700017527e-04 1.7102494610063681e+00
2.4741235392320533e+00 0.0000000000000000e+00 1.7069368141334580e+00 1.5264774794963498e-04 1.7067841663855083e+00
2.4841402337228713e+00 0.0000000000000000e+00 1.7034698676335480e+00 1.5099586889909467e-04 1.7033188717646490e+00
2.4941569282136893e+00 0.0000000000000000e+00 1.7000029211336383e+00 1.4934398984855463e-04 1.6998535771437897e+00
2.5041736227045073e+00 0.0000000000000000e+00 1.6965359746337287e+00 1.4769211079801461e-04 1.6963882825229306e+00
2.5141903171953257e+00 0.0000000000000000e+00 1.6930690281338188e+00 1.4604023174747430e-04 1.6929229879020713e+00
2.5242070116861437e+00 0.0000000000000000e+00 1.6893105064203466e+00 1.4438922529934770e-04 1.6891661171950474e+00
2.5342237061769617e+00 0.0000000000000000e+00 1.6851493332214906e+00 1.4273942387360287e-04 1.6850065937976171e+00
2.5442404006677797e+00 0.0000000000000000e+00 1.6809881600226337e+00 1.4108962244785780e-04 1.6808470704001859e+00
2.5542570951585977e+00 0.0000000000000000e+00 1.6768269868237780e+00 1.3943982102211297e-04 1.6766875470027558e+00
2.5642737896494157e+00 0.0000000000000000e+00 1.6726658136249211e+00 1.3779001959636790e-04 1.6725280236053246e+00
2.5742904841402336e+00 0.0000000000000000e+00 1.6685046404260651e+00 1.3614021817062312e-04 1.6683685002078945e+00
2.5843071786310516e+00 0.0000000000000000e+00 1.6640705182844768e+00 1.3449132765569211e-04 1.6639360269568211e+00
2.5943238731218696e+00 0.0000000000000000e+00 1.6592745801025324e+00 1.3284364462718938e-04 1.6591417364579051e+00
2.6043405676126876e+00 0.0000000000000000e+00 1.6544786419205870e+00 1.3119596159868636e-04 1.6543474459589884e+00
2.6143572621035056e+00 0.0000000000000000e+00 1.6496827037386426e+00 1.2954827857018360e-04 1.6495531554600724e+00
2.6243739565943240e+00 0.0000000000000000e+00 1.6448867655566961e+00 1.2790059554168031e-04 1.6447588649611544e+00
2.6343906510851420e+00 0.0000000000000000e+00 1.6400908273747519e+00 1.2625291251317763e-04 1.6399645744622386e+00
2.6444073455759600e+00 0.0000000000000000e+00 1.6350437701981435e+00 1.2460617934734641e-04 1.6349191640187961e+00
2.6544240400667780e+00 0.0000000000000000e+00 1.6296771070283353e+00 1.2296065509764302e-04 1.6295541463732377e+00
2.6644407345575960e+00 0.0000000000000000e+00 1.6243104438585279e+00 1.2131513084793989e-04 1.6241891287276800e+00
2.6744574290484140e+00 0.0000000000000000e+00 1.6189437806887206e+00 1.1966960659823678e-04 1.6188241110821224e+00
2.6844741235392320e+00 0.0000000000000000e+00 1.6135771175189120e+00 1.1802408234853337e-04 1.6134590934365634e+00
2.6944908180300500e+00 0.0000000000000000e+00 1.6082104543491038e+00 1.1637855809882996e-04 1.6080940757910049e+00
2.7045075125208680e+00 0.0000000000000000e+00 1.6026170951006442e+00 1.1473402328571430e-04 1.6025023610773586e+00
2.7145242070116860e+00 0.0000000000000000e+00 1.5967466628671725e+00 1.1309069778398339e-04 1.5966335721693885e+00
2.7245409015025039e+00 0.0000000000000000e+00 1.5908762306336985e+00 1.1144737228225192e-04 1.5907647832614162e+00
2.7345575959933224e+00 0.0000000000000000e+00 1.5850057984002259e+00 1.0980404678052072e-04 1.5848959943534453e+00
2.7445742904841404e+00 0.0000000000000000e+00 1.5791353661667538e+00 1.0816072127878978e-04 1.5790272054454750e+00
2.7545909849749584e+00 0.0000000000000000e+00 1.5732649339332812e+00 1.0651739577705860e-04 1.5731584165375041e+00
2.7646076794657763e+00 0.0000000000000000e+00 1.5671941794261723e+00 1.0487509988569066e-04 1.5670893043262866e+00
2.7746243739565943e+00 0.0000000000000000e+00 1.5608882639891470e+00 1.0323401266735731e-04 1.5607850299764796e+00
2.7846410684474123e+00 0.0000000000000000e+00 1.5545823485521224e+00 1.0159292544902423e-04 1.5544807556266733e+00
2.7946577629382303e+00 0.0000000000000000e+00 1.5482764331150971e+00 9.9951838230690865e-05 1.5481764812768664e+00
2.8046744574290483e+00 0.0000000000000000e+00 1.5419705176780725e+00 9.8310751012357770e-05 1.5418722069270601e+00
2.8146911519198663e+00 0.0000000000000000e+00 1.5356646022410463e+00 9.6669663794024120e-05 1.5355679325772522e+00
2.8247078464106843e+00 0.0000000000000000e+00 1.5291860528989583e+00 9.5029646936701828e-05 1.5290910232520216e+00
2.8347245409015023e+00 0.0000000000000000e+00 1.5225128312809511e+00 9.3390837082221165e-05 1.5224194404438689e+00
2.8447412353923207e+00 0.0000000000000000e+00 1.5158396096629450e+00 9.1752027227740772e-05 1.5157478576357173e+00
2.8547579298831387e+00 0.0000000000000000e+00 1.5091663880449377e+00 9.0113217373260135e-05 1.5090762748275646e+00
2.8647746243739567e+00 0.0000000000000000e+00 1.5024931664269308e+00 8.8474407518779457e-05 1.5024046920194121e+00
2.8747913188647747e+00 0.0000000000000000e+00 1.4958199448089251e+00 8.6835597664299092e-05 1.4957331092112609e+00
2.8848080133555927e+00 0.0000000000000000e+00 1.4890024640028801e+00 8.5197899474596833e-05 1.4889172661034054e+00
2.8948247078464107e+00 0.0000000000000000e+00 1.4820287024097962e+00 8.3561405588403949e-05 1.4819451410042079e+00
2.9048414023372287e+00 0.0000000000000000e+00 1.4750549408167126e+00 8.1924911702211037e-05 1.4749730159050105e+00
2.9148580968280466e+00 0.0000000000000000e+00 1.4680811792236281e+00 8.0288417816018140e-05 1.4680008908058122e+00
2.9248747913188646e+00 0.0000000000000000e+00 1.4611074176305454e+00 7.8651923929825527e-05 1.4610287657066157e+00
2.9348914858096826e+00 0.0000000000000000e+00 1.4541336560374616e+00 7.7015430043632629e-05 1.4540566406074180e+00
2.9449081803005006e+00 0.0000000000000000e+00 1.4470441111497987e+00 7.5380089654600177e-05 1.4469687310601440e+00
2.9549248747913190e+00 0.0000000000000000e+00 1.4398340571188026e+00 7.3745949844245134e-05 1.4397603111689583e+00
2.9649415692821370e+00 0.0000000000000000e+00 1.4326240030878059e+00 7.2111810033889833e-05 1.4325518912777719e+00
2.9749582637729550e+00 0.0000000000000000e+00 1.4254139490568096e+00 7.0477670223534803e-05 1.4253434713865860e+00
2.9849749582637730e+00 0.0000000000000000e+00 1.4182038950258127e+00 6.8843530413179488e-05 1.4181350514953994e+00
2.9949916527545910e+00 0.0000000000000000e+00 1.4109938409948164e+00 6.7209390602824458e-05 1.4109266316042135e+00
3.0050083472454090e+00 0.0000000000000000e+00 1.4036960638252349e+00 6.5576446625363019e-05 1.4036304873786096e+00
3.0150250417362270e+00 0.0000000000000000e+00 1.3963105635170707e+00 6.3944698480795388e-05 1.3962466188185900e+00
3.0250417362270450e+00 0.0000000000000000e+00 1.3889250632089063e+00 6.2312950336227758e-05 1.3888627502585700e+00
3.0350584307178630e+00 0.0000000000000000e+00 1.3815395629007439e+00 6.0681202191660418e-05 1.3814788816985522e+00
3.0450751252086810e+00 0.0000000000000000e+00 1.3741540625925797e+00 5.9049454047092787e-05 1.3740950131385326e+00
3.0550918196994989e+00 0.0000000000000000e+00 1.3667685622844170e+00 5.7417705902525441e-05 1.3667111445785145e+00
3.0651085141903169e+00 0.0000000000000000e+00 1.3593225341964541e+00 5.5787196403974938e-05 1.3592667470000501e+00
3.0751252086811354e+00 0.0000000000000000e+00 1.3518183519671181e+00 5.4157876977087931e-05 1.3517641940901410e+00
3.0851419031719534e+00 0.0000000000000000e+00 1.3443141697377834e+00 5.2528557550201208e-05 1.3442616411802333e+00
3.0951585976627713e+00 0.0000000000000000e+00 1.3368099875084485e+00 5.0899238123314498e-05 1.3367590882703251e+00
3.1051752921535893e+00 0.0000000000000000e+00 1.3293058052791125e+00 4.9269918696427497e-05 1.3292565353604160e+00
3.1151919866444073e+00 0.0000000000000000e+00 1.3218016230497751e+00 4.7640599269540219e-05 1.3217539824505056e+00
3.1252086811352253e+00 0.0000000000000000e+00 1.3142628687154263e+00 4.6012561752491230e-05 1.3142168561536738e+00
3.1352253756260433e+00 0.0000000000000000e+00 1.3066922016687577e+00 4.4385707536830905e-05 1.3066478159612209e+00
3.1452420701168613e+00 0.0000000000000000e+00 1.2991215346220875e+00 4.2758853321170302e-05 1.2990787757687663e+00
3.1552587646076793e+00 0.0000000000000000e+00 1.2915508675754175e+00 4.1131999105509699e-05 1.2915097355763119e+00
3.1652754590984973e+00 0.0000000000000000e+00 1.2839802005287491e+00 3.9505144889849368e-05 1.2839406953838592e+00
3.1752921535893153e+00 0.0000000000000000e+00 1.2764095334820802e+00 3.7878290674189036e-05 1.2763716551914059e+00
3.1853088480801337e+00 0.0000000000000000e+00 1.2688287182411357e+00 3.6252762055514589e-05 1.2687924654790803e+00
3.1953255425709517e+00 0.0000000000000000e+00 1.2612389036580982e+00 3.4628408966242918e-05 1.2612042752491319e+00
3.2053422370617697e+00 0.0000000000000000e+00 1.2536490890750622e+00 3.3004055876971525e-05 1.2536160850191853e+00
3.2153589315525877e+00 0.0000000000000000e+00 1.2460592744920236e+00 3.1379702787699576e-05 1.2460278947892358e+00
3.2253756260434057e+00 0.0000000000000000e+00 1.2384694599089878e+00 2.9755349698428179e-05 1.2384397045592894e+00
3.2353923205342237e+00 0.0000000000000000e+00 1.2308796453259505e+00 2.8130996609156512e-05 1.2308515143293413e+00
3.2454090150250416e+00 0.0000000000000000e+00 1.2233023610854430e+00 2.6508013199302593e-05 1.2232758530722436e+00
3.2554257095158596e+00 0.0000000000000000e+00 1.2157357508404205e+00 2.4886196553396594e-05 1.2157108646438670e+00
3.2654424040066776e+00 0.0000000000000000e+00 1.2081691405953994e+00 2.3264379907490876e-05 1.2081458762154920e+00
3.2754590984974956e+00 0.0000000000000000e+00 1.2006025303503771e+00 2.1642563261584879e-05 1.2005808877871156e+00
3.2854757929883136e+00 0.0000000000000000e+00 1.1930359201053562e+00 2.0020746615679158e-05 1.1930158993587405e+00
3.2954924874791320e+00 0.0000000000000000e+00 1.1854693098603337e+00 1.8398929969773158e-05 1.1854509109303639e+00
3.3055091819699500e+00 0.0000000000000000e+00 1.1779360150385918e+00 1.6778527452294153e-05 1.1779192365111395e+00
3.3155258764607680e+00 0.0000000000000000e+00 1.1704299782904382e+00 1.5159281948981867e-05 1.1704148190084891e+00
3.3255425709515860e+00 0.0000000000000000e+00 1.1629239415422858e+00 1.3540036445669862e-05 1.1629104015058402e+00
3.3355592654424040e+00 0.0000000000000000e+00 1.1554179047941344e+00 1.1920790942358129e-05 1.1554059840031921e+00
3.3455759599332220e+00 0.0000000000000000e+00 1.1479118680459832e+00 1.0301545439046398e-05 1.1479015665005441e+00
3.3555926544240400e+00 0.0000000000000000e+00 1.1404058312978311e+00 8.6822999357343921e-06 1.1403971489978955e+00
3.3656093489148580e+00 0.0000000000000000e+00 1.1329519189147341e+00 7.3849648814417942e-06 1.1329445339498527e+00
3.3756260434056760e+00 0.0000000000000000e+00 1.1255389613898947e+00 6.3405594656583535e-06 1.1255326208304290e+00
3.3856427378964939e+00 0.0000000000000000e+00 1.1181260038650556e+00 5.2961540498749146e-06 1.1181207077110056e+00
3.3956594323873119e+00 0.0000000000000000e+00 1.1107130463402157e+00 4.2517486340912978e-06 1.1107087945915817e+00
3.4056761268781304e+00 0.0000000000000000e+00 1.1033000888153743e+00 3.2073432183075022e-06 1.1032968814721560e+00
3.4156928213689484e+00 0.0000000000000000e+00 1.0958871312905352e+00 2.1629378025240620e-06 1.0958849683527327e+00
3.4257095158597664e+00 0.0000000000000000e+00 1.0885431067906663e+00 2.6338244356438940e-06 1.0885404729662307e+00
3.4357262103505843e+00 0.0000000000000000e+00 1.0812510843973548e+00 4.2478261231705156e-06 1.0812468365712318e+00
3.4457429048414023e+00 0.0000000000000000e+00 1.0739590620040422e+00 5.8618278106974124e-06 1.0739532001762315e+00
3.4557595993322203e+00 0.0000000000000000e+00 1.0666670396107307e+00 7.4758294982240348e-06 1.0666595637812326e+00
3.4657762938230383e+00 0.0000000000000000e+00 1.0593750172174179e+00 9.0898311857509308e-06 1.0593659273862321e+00
3.4757929883138563e+00 0.0000000000000000e+00 1.0520829948241066e+00 1.0703832873277553e-05 1.0520722909912332e+00
3.4858096828046743e+00 0.0000000000000000e+00 1.0448747308489015e+00 1.2316285182221676e-05 1.0448624145637193e+00
3.4958263772954923e+00 0.0000000000000000e+00 1.0377271195212912e+00 1.3927615527364227e-05 1.0377131919057638e+00
3.5058430717863103e+00 0.0000000000000000e+00 1.0305795081936782e+00 1.5538945872507332e-05 1.0305639692478057e+00
3.5158597662771287e+00 0.0000000000000000e+00 1.0234318968660681e+00 1.7150276217649888e-05 1.0234147465898504e+00
3.5258764607679467e+00 0.0000000000000000e+00 1.0162842855384566e+00 1.8761606562792715e-05 1.0162655239318938e+00
3.5358931552587647e+00 0.0000000000000000e+00 1.0091366742108452e+00 2.0372936907935542e-05 1.0091163012739373e+00
3.5459098497495827e+00 0.0000000000000000e+00 1.0020857178598468e+00 2.1982672258515555e-05 1.0020637351875883e+00
3.5559265442404007e+00 0.0000000000000000e+00 9.9510192852649160e-01 2.3591299223043666e-05 9.9507833722726857e-01
3.5659432387312187e+00 0.0000000000000000e+00 9.8811813919313551e-01 2.5199926187572041e-05 9.8809293926694797e-01
3.5759599332220366e+00 0.0000000000000000e+00 9.8113434985977943e-01 2.6808553152100423e-05 9.8110754130662736e-01
3.5859766277128546e+00 0.0000000000000000e+00 9.7415056052642457e-01 2.8417180116628531e-05 9.7412214334630798e-01
3.5959933222036726e+00 0.0000000000000000e+00 9.6716677119306960e-01 3.0025807081156638e-05 9.6713674538598848e-01
3.6060100166944906e+00 0.0000000000000000e+00 9.6029069078635232e-01 3.1632793221157166e-05 9.6025905799313116e-01
3.6160267111853086e+00 0.0000000000000000e+00 9.5348641633072717e-01 3.3238685478138704e-05 9.5345317764524906e-01
3.6260434056761270e+00 0.0000000000000000e+00 9.4668214187510336e-01 3.4844577735119972e-05 9.4664729729736818e-01
3.6360601001669450e+00 0.0000000000000000e+00 9.3987786741947821e-01 3.6450469992101503e-05 9.3984141694948609e-01
3.6460767946577630e+00 0.0000000000000000e+00 9.3307359296385439e-01 3.8056362249082771e-05 9.3303553660160532e-01
3.6560934891485810e+00 0.0000000000000000e+00 9.2626931850822936e-01 3.9662254506064316e-05 9.2622965625372333e-01
3.6661101836393990e+00 0.0000000000000000e+00 9.1958206857970259e-01 4.1266459926752242e-05 9.1954080211977585e-01
3.6761268781302170e+00 0.0000000000000000e+00 9.1296963761111982e-01 4.2869586878334889e-05 9.1292676802424144e-01
3.6861435726210350e+00 0.0000000000000000e+00 9.0635720664253816e-01 4.4472713829917251e-05 9.0631273392870826e-01
3.6961602671118530e+00 0.0000000000000000e+00 8.9974477567395528e-01 4.6075840781499898e-05 8.9969869983317374e-01
3.7061769616026710e+00 0.0000000000000000e+00 8.9313234470537251e-01 4.7678967733082559e-05 8.9308466573763945e-01
3.7161936560934890e+00 0.0000000000000000e+00 8.8651991373678984e-01 4.9282094684665206e-05 8.8647063164210516e-01
3.7262103505843069e+00 0.0000000000000000e+00 8.8003220247818481e-01 5.0883488639083393e-05 8.7998131898954568e-01
3.7362270450751254e+00 0.0000000000000000e+00 8.7362093233214289e-01 5.2483820433949672e-05 8.7356844851170889e-01
3.7462437395659434e+00 0.0000000000000000e+00 8.6720966218610096e-01 5.4084152228815930e-05 8.6715557803387211e-01
3.7562604340567614e+00 0.0000000000000000e+00 8.6079839204006037e-01 5.5684484023681931e-05 8.6074270755603666e-01
3.7662771285475793e+00 0.0000000000000000e+00 8.5438712189401955e-01 5.7284815818547926e-05 8.5432983707820098e-01
3.7762938230383973e+00 0.0000000000000000e+00 8.4797585174797774e-01 5.8885147613414191e-05 8.4791696660036431e-01
3.7863105175292153e+00 0.0000000000000000e+00 8.4169550460530429e-01 6.0483700134323906e-05 8.4163502090516995e-01
3.7963272120200333e+00 0.0000000000000000e+00 8.3549204875032268e-01 6.2081207684814459e-05 8.3542996754263787e-01
3.8063439065108513e+00 0.0000000000000000e+00 8.2928859289533985e-01 6.3678715235305290e-05 8.2922491418010458e-01
3.8163606010016693e+00 0.0000000000000000e+00 8.2308513704035724e-01 6.5276222785796121e-05 8.2301986081757139e-01
3.8263772954924873e+00 0.0000000000000000e+00 8.1688168118537452e-01 6.6873730336286952e-05 8.1681480745503821e-01
3.8363939899833053e+00 0.0000000000000000e+00 8.1067822533039269e-01 6.8471237886777526e-05 8.1060975409250591e-01
3.8464106844741233e+00 0.0000000000000000e+00 8.0461053554102013e-01 7.0066919804221453e-05 8.0454046862121587e-01
3.8564273789649417e+00 0.0000000000000000e+00 7.9861921416354964e-01 7.1661574803076993e-05 7.9854755258874655e-01
3.8664440734557597e+00 0.0000000000000000e+00 7.9262789278607915e-01 7.3256229801932520e-05 7.9255463655627723e-01
3.8764607679465777e+00 0.0000000000000000e+00 7.8663657140860965e-01 7.4850884800787789e-05 7.8656172052380890e-01
3.8864774624373957e+00 0.0000000000000000e+00 7.8064525003113894e-01 7.6445539799643316e-05 7.8056880449133925e-01
3.8964941569282137e+00 0.0000000000000000e+00 7.7465392865366967e-01 7.8040194798498585e-05 7.7457588845887115e-01
3.9065108514190316e+00 0.0000000000000000e+00 7.6880198648019571e-01 7.9632977757001204e-05 7.6872235350243867e-01
3.9165275459098496e+00 0.0000000000000000e+00 7.6302509464733581e-01 8.1224752693774638e-05 7.6294386989464202e-01
3.9265442404006676e+00 0.0000000000000000e+00 7.5724820281447514e-01 8.2816527630548371e-05 7.5716538628684460e-01
3.9365609348914856e+00 0.0000000000000000e+00 7.5147131098161513e-01 8.4408302567321819e-05 7.5138690267904784e-01
3.9465776293823036e+00 0.0000000000000000e+00 7.4569441914875434e-01 8.6000077504095552e-05 7.4560841907125019e-01
3.9565943238731216e+00 0.0000000000000000e+00 7.3991752731589444e-01 8.7591852440869000e-05 7.3982993546345355e-01
3.9666110183639400e+00 0.0000000000000000e+00 7.3428252634339342e-01 8.9181708916228182e-05 7.3419334463447716e-01
3.9766277128547580e+00 0.0000000000000000e+00 7.2872062066259191e-01 9.0770577093282653e-05 7.2862985008549863e-01
3.9866444073455760e+00 0.0000000000000000e+00 7.2315871498178941e-01 9.2359445270337421e-05 7.2306635553651910e-01
3.9966611018363940e+00 0.0000000000000000e+00 7.1759680930098579e-01 9.3948313447392434e-05 7.1750286098753835e-01
4.0066777963272120e+00 0.0000000000000000e+00 7.1203490362018418e-01 9.5537181624446904e-05 7.1193936643855971e-01
4.0166944908180300e+00 0.0000000000000000e+00 7.0647299793938256e-01 9.7126049801501374e-05 7.0637587188958106e-01
4.0267111853088480e+00 0.0000000000000000e+00 7.0105451761611737e-01 9.8712953117195953e-05 7.0095580466300023e-01
4.0367278797996660e+00 0.0000000000000000e+00 6.9570667963312938e-01 1.0029888866535496e-04 6.9560638074446401e-01
4.0467445742904840e+00 0.0000000000000000e+00 6.9035884165014250e-01 1.0188482421351369e-04 6.9025695682592902e-01
4.0567612687813019e+00 0.0000000000000000e+00 6.8501100366715550e-01 1.0347075976167241e-04 6.8490753290739381e-01
4.0667779632721199e+00 0.0000000000000000e+00 6.7966316568416774e-01 1.0505669530983140e-04 6.7955810898885793e-01
4.0767946577629379e+00 0.0000000000000000e+00 6.7431532770117986e-01 1.0664263085799037e-04 6.7420868507032183e-01
4.0868113522537559e+00 0.0000000000000000e+00 6.6911158822858874e-01 1.0822655520117964e-04 6.6900336167338759e-01
4.0968280467445739e+00 0.0000000000000000e+00 6.6397565981971107e-01 1.0980953309497153e-04 6.6386585028661615e-01
4.1068447412353919e+00 0.0000000000000000e+00 6.5883973141083163e-01 1.1139251098876398e-04 6.5872833889984284e-01
4.1168614357262099e+00 0.0000000000000000e+00 6.5370380300195319e-01 1.1297548888255615e-04 6.5359082751307063e-01
4.1268781302170288e+00 0.0000000000000000e+00 6.4856787459307474e-01 1.1455846677634832e-04 6.4845331612629842e-01
4.1368948247078468e+00 0.0000000000000000e+00 6.4343194618419697e-01 1.1614144467014023e-04 6.4331580473952688e-01
4.1469115191986647e+00 0.0000000000000000e+00 6.3844003677083705e-01 1.1772236510722967e-04 6.3832231440572984e-01
4.1569282136894827e+00 0.0000000000000000e+00 6.3351283154386617e-01 1.1930236117971399e-04 6.3339352918268643e-01
4.1669449081803007e+00 0.0000000000000000e+00 6.2858562631689541e-01 1.2088235725219831e-04 6.2846474395964325e-01
4.1769616026711187e+00 0.0000000000000000e+00 6.2365842108992553e-01 1.2246235332468236e-04 6.2353595873660084e-01
4.1869782971619367e+00 0.0000000000000000e+00 6.1873121586295554e-01 1.2404234939716638e-04 6.1860717351355843e-01
4.1969949916527547e+00 0.0000000000000000e+00 6.1380401063598378e-01 1.2562234546965097e-04 6.1367838829051413e-01
4.2070116861435727e+00 0.0000000000000000e+00 6.0902009410877822e-01 1.2720023796144658e-04 6.0889289387081680e-01
4.2170283806343907e+00 0.0000000000000000e+00 6.0429758702432801e-01 1.2877722891866113e-04 6.0416880979540932e-01
4.2270450751252087e+00 0.0000000000000000e+00 5.9957507993987780e-01 1.3035421987587568e-04 5.9944472572000196e-01
4.2370617696160267e+00 0.0000000000000000e+00 5.9485257285542659e-01 1.3193121083309050e-04 5.9472064164459348e-01
4.2470784641068446e+00 0.0000000000000000e+00 5.9013006577097549e-01 1.3350820179030531e-04 5.8999655756918523e-01
4.2570951585976626e+00 0.0000000000000000e+00 5.8540755868652528e-01 1.3508519274751986e-04 5.8527247349377776e-01
4.2671118530884806e+00 0.0000000000000000e+00 5.8082705102637544e-01 1.3666003416393940e-04 5.8069039099221154e-01
4.2771285475792986e+00 0.0000000000000000e+00 5.7630454313107782e-01 1.3823399759890775e-04 5.7616630913347888e-01
4.2871452420701166e+00 0.0000000000000000e+00 5.7178203523578031e-01 1.3980796103387611e-04 5.7164222727474645e-01
4.2971619365609346e+00 0.0000000000000000e+00 5.6725952734048279e-01 1.4138192446884441e-04 5.6711814541601391e-01
4.3071786310517526e+00 0.0000000000000000e+00 5.6273701944518628e-01 1.4295588790381246e-04 5.6259406355728248e-01
4.3171953255425706e+00 0.0000000000000000e+00 5.5821451154988866e-01 1.4452985133878084e-04 5.5806998169854993e-01
4.3272120200333886e+00 0.0000000000000000e+00 5.5383223823208083e-01 1.4610161947311269e-04 5.5368613661260768e-01
4.3372287145242066e+00 0.0000000000000000e+00 5.4950450058329570e-01 1.4767253387941906e-04 5.4935682804941632e-01
4.3472454090150245e+00 0.0000000000000000e+00 5.4517676293451045e-01 1.4924344828572540e-04 5.4502751948622474e-01
4.3572621035058434e+00 0.0000000000000000e+00 5.4084902528572443e-01 1.5081436269203202e-04 5.4069821092303239e-01
4.3672787979966614e+00 0.0000000000000000e+00 5.3652128763693852e-01 1.5238527709833860e-04 5.3636890235984014e-01
4.3772954924874794e+00 0.0000000000000000e+00 5.3219354998815260e-01 1.5395619150464522e-04 5.3203959379664800e-01
4.3873121869782974e+00 0.0000000000000000e+00 5.2800388295494383e-01 1.5552486508735959e-04 5.2784835808985642e-01
4.3973288814691154e+00 0.0000000000000000e+00 5.2386528313571290e-01 1.5709270987230729e-04 5.2370819042584060e-01
4.4073455759599334e+00 0.0000000000000000e+00 5.1972668331648175e-01 1.5866055465725500e-04 5.1956802276182446e-01
4.4173622704507514e+00 0.0000000000000000e+00 5.1558808349725072e-01 1.6022839944220270e-04 5.1542785509780853e-01
4.4273789649415694e+00 0.0000000000000000e+00 5.1144948367802034e-01 1.6179624422715019e-04 5.1128768743379316e-01
4.4373956594323873e+00 0.0000000000000000e+00 5.0731088385879008e-01 1.6336408901209765e-04 5.0714751976977801e-01
4.4474123539232053e+00 0.0000000000000000e+00 5.0330785919846921e-01 1.6492964772419841e-04 5.0314292955074502e-01
4.4574290484140233e+00 0.0000000000000000e+00 4.9935246905343933e-01 1.6649440322151517e-04 4.9918597465021780e-01
4.4674457429048413e+00 0.0000000000000000e+00 4.9539707890841012e-01 1.6805915871883175e-04 4.9522901974969130e-01
4.4774624373956593e+00 0.0000000000000000e+00 4.9144168876338112e-01 1.6962391421614824e-04 4.9127206484916497e-01
4.4874791318864773e+00 0.0000000000000000e+00 4.8748629861835130e-01 1.7118866971346507e-04 4.8731510994863786e-01
4.4974958263772953e+00 0.0000000000000000e+00 4.8353090847332081e-01 1.7275342521078210e-04 4.8335815504811003e-01
4.5075125208681133e+00 0.0000000000000000e+00 4.7970832641859096e-01 1.7431584969669156e-04 4.7953401056889428e-01
4.5175292153589313e+00 0.0000000000000000e+00 4.7593001372729266e-01 1.7587749717879879e-04 4.7575413623011387e-01
4.5275459098497493e+00 0.0000000000000000e+00 4.7215170103599380e-01 1.7743914466090619e-04 4.7197426189133290e-01
4.5375626043405672e+00 0.0000000000000000e+00 4.6837338834469489e-01 1.7900079214301366e-04 4.6819438755255188e-01
4.5475792988313852e+00 0.0000000000000000e+00 4.6459507565339658e-01 1.8056243962512086e-04 4.6441451321377147e-01
4.5575959933222032e+00 0.0000000000000000e+00 4.6081676296209828e-01 1.8212408710722801e-04 4.6063463887499106e-01
4.5676126878130212e+00 0.0000000000000000e+00 4.5716827342885724e-01 1.8368335898718015e-04 4.5698459006987008e-01
4.5776293823038401e+00 0.0000000000000000e+00 4.5356078068236977e-01 1.8524188067697798e-04 4.5337553880169279e-01
4.5876460767946581e+00 0.0000000000000000e+00 4.4995328793588185e-01 1.8680040236677603e-04 4.4976648753351506e-01
4.5976627712854761e+00 0.0000000000000000e+00 4.4634579518939504e-01 1.8835892405657360e-04 4.4615743626533849e-01
4.6076794657762941e+00 0.0000000000000000e+00 4.4273830244290824e-01 1.8991744574637116e-04 4.4254838499716187e-01
4.6176961602671120e+00 0.0000000000000000e+00 4.3913080969642088e-01 1.9147596743616900e-04 4.3893933372898469e-01
4.6277128547579300e+00 0.0000000000000000e+00 4.3564998458631926e-01 1.9303206931812624e-04 4.3545695251700112e-01
4.6377295492487480e+00 0.0000000000000000e+00 4.3220699526370859e-01 1.9458744840033864e-04 4.3201240781530825e-01
4.6477462437395660e+00 0.0000000000000000e+00 4.2876400594109787e-01 1.9614282748255107e-04 4.2856786311361533e-01
4.6577629382303840e+00 0.0000000000000000e+00 4.2532101661848659e-01 1.9769820656476375e-04 4.2512331841192180e-01
4.6677796327212020e+00 0.0000000000000000e+00 4.2187802729587537e-01 1.9925358564697646e-04 4.2167877371022838e-01
4.6777963272120200e+00 0.0000000000000000e+00 4.1843503797326470e-01 2.0080896472918883e-04 4.1823422900853552e-01
4.6878130217028380e+00 0.0000000000000000e+00 4.1511543091426273e-01 2.0236188022029235e-04 4.1491306903404246e-01
4.6978297161936560e+00 0.0000000000000000e+00 4.1183062398089149e-01 2.0391410085236566e-04 4.1162670988003913e-01
4.7078464106844740e+00 0.0000000000000000e+00 4.0854581704752085e-01 2.0546632148443869e-04 4.0834035072603642e-01
4.7178631051752919e+00 0.0000000000000000e+00 4.0526101011415067e-01 2.0701854211651141e-04 4.0505399157203414e-01
4.7278797996661099e+00 0.0000000000000000e+00 4.0197620318078053e-01 2.0857076274858417e-04 4.0176763241803193e-01
4.7378964941569279e+00 0.0000000000000000e+00 3.9869139624740985e-01 2.1012298338065724e-04 3.9848127326402921e-01
4.7479131886477459e+00 0.0000000000000000e+00 3.9552659217790337e-01 2.1167269709813875e-04 3.9531491948080522e-01
4.7579298831385639e+00 0.0000000000000000e+00 3.9239368760385357e-01 2.1322174442060199e-04 3.9218046585943295e-01
4.7679465776293819e+00 0.0000000000000000e+00 3.8926078302980371e-01 2.1477079174306518e-04 3.8904601223806062e-01
4.7779632721201999e+00 0.0000000000000000e+00 3.8612787845575353e-01 2.1631983906552873e-04 3.8591155861668802e-01
4.7879799666110179e+00 0.0000000000000000e+00 3.8299497388170273e-01 2.1786888638799251e-04 3.8277710499531475e-01
4.7979966611018368e+00 0.0000000000000000e+00 3.7986206930765232e-01 2.1941793371045603e-04 3.7964265137394188e-01
4.8080133555926547e+00 0.0000000000000000e+00 3.7684572573626257e-01 2.2096443129208425e-04 3.7662476130497047e-01
4.8180300500834727e+00 0.0000000000000000e+00 3.7385852241553647e-01 2.2251029143850379e-04 3.7363601212409797e-01
4.8280467445742907e+00 0.0000000000000000e+00 3.7087131909480986e-01 2.2405615158492355e-04 3.7064726294322492e-01
4.8380634390651087e+00 0.0000000000000000e+00 3.6788411577408336e-01 2.2560201173134339e-04 3.6765851376235203e-01
4.8480801335559267e+00 0.0000000000000000e+00 3.6489691245335731e-01 2.2714787187776294e-04 3.6466976458147954e-01
4.8580968280467447e+00 0.0000000000000000e+00 3.6190970913263121e-01 2.2869373202418245e-04 3.6168101540060704e-01
4.8681135225375627e+00 0.0000000000000000e+00 3.5903558887863146e-01 2.3023700013817319e-04 3.5880535187849327e-01
4.8781302170283807e+00 0.0000000000000000e+00 3.5618799428225778e-01 2.3177966024455712e-04 3.5595621462201321e-01
4.8881469115191987e+00 0.0000000000000000e+00 3.5334039968588410e-01 2.3332232035094106e-04 3.5310707736553315e-01
4.8981636060100167e+00 0.0000000000000000e+00 3.5049280508951097e-01 2.3486498045732472e-04 3.5025794010905364e-01
4.9081803005008346e+00 0.0000000000000000e+00 3.4764521049313729e-01 2.3640764056370866e-04 3.4740880285257358e-01
4.9181969949916526e+00 0.0000000000000000e+00 3.4479761589676367e-01 2.3795030067009259e-04 3.4455966559609358e-01
4.9282136894824706e+00 0.0000000000000000e+00 3.4205961307297933e-01 2.3949032702454170e-04 3.4182012274595480e-01
4.9382303839732886e+00 0.0000000000000000e+00 3.3934566697976204e-01 2.4102977523832232e-04 3.3910463720452372e-01
4.9482470784641066e+00 0.0000000000000000e+00 3.3663172088654431e-01 2.4256922345210314e-04 3.3638915166309219e-01
4.9582637729549246e+00 0.0000000000000000e+00 3.3391777479332663e-01 2.4410867166588400e-04 3.3367366612166072e-01
4.9682804674457426e+00 0.0000000000000000e+00 3.3120382870010934e-01 2.4564811987966458e-04 3.3095818058022969e-01
4.9782971619365606e+00 0.0000000000000000e+00 3.2848988260689210e-01 2.4718756809344517e-04 3.2824269503879866e-01
4.9883138564273786e+00 0.0000000000000000e+00 3.2588204365182682e-01 2.4872434144520921e-04 3.2563331931038164e-01
4.9983305509181966e+00 0.0000000000000000e+00 3.2329593748409335e-01 2.5026056693366834e-04 3.2304567691715969e-01
5.0083472454090145e+00 0.0000000000000000e+00 3.2070983131636038e-01 2.5179679242212709e-04 3.2045803452393823e-01
5.0183639398998334e+00 0.0000000000000000e+00 3.1812372514862708e-01 2.5333301791058622e-04 3.1787039213071649e-01
5.0283806343906514e+00 0.0000000000000000e+00 3.1553761898089405e-01 2.5486924339904508e-04 3.1528274973749498e-01
5.0383973288814694e+00 0.0000000000000000e+00 3.1295151281316064e-01 2.5640546888750420e-04 3.1269510734427314e-01
5.0484140233722874e+00 0.0000000000000000e+00 3.1046805206709310e-01 2.5793897905057914e-04 3.1021011308804253e-01
5.0584307178631054e+00 0.0000000000000000e+00 3.0800414282991379e-01 2.5947197200881881e-04 3.0774467085790497e-01
5.0684474123539234e+00 0.0000000000000000e+00 3.0554023359273436e-01 2.6100496496705842e-04 3.0527922862776730e-01
5.0784641068447414e+00 0.0000000000000000e+00 3.0307632435555454e-01 2.6253795792529830e-04 3.0281378639762924e-01
5.0884808013355594e+00 0.0000000000000000e+00 3.0061241511837433e-01 2.6407095088353845e-04 3.0034834416749079e-01
5.0984974958263773e+00 0.0000000000000000e+00 2.9814850588119490e-01 2.6560394384177817e-04 2.9788290193735312e-01
5.1085141903171953e+00 0.0000000000000000e+00 2.9578381683821692e-01 2.6713418169516519e-04 2.9551668265652176e-01
5.1185308848080133e+00 0.0000000000000000e+00 2.9343663724127306e-01 2.6866393335357844e-04 2.9316797330791949e-01
5.1285475792988313e+00 0.0000000000000000e+00 2.9108945764432909e-01 2.7019368501199180e-04 2.9081926395931712e-01
5.1385642737896493e+00 0.0000000000000000e+00 2.8874227804738561e-01 2.7172343667040483e-04 2.8847055461071519e-01
5.1485809682804673e+00 0.0000000000000000e+00 2.8639509845044214e-01 2.7325318832881787e-04 2.8612184526211332e-01
5.1585976627712853e+00 0.0000000000000000e+00 2.8404791885349823e-01 2.7478293998723117e-04 2.8377313591351100e-01
5.1686143572621033e+00 0.0000000000000000e+00 2.8179658256999429e-01 2.7630989748223379e-04 2.8152027267251206e-01
5.1786310517529213e+00 0.0000000000000000e+00 2.7956084868635206e-01 2.7783640011342503e-04 2.7928301228623864e-01
5.1886477462437393e+00 0.0000000000000000e+00 2.7732511480270955e-01 2.7936290274461659e-04 2.7704575189996494e-01
5.1986644407345572e+00 0.0000000000000000e+00 2.7508938091906704e-01 2.8088940537580816e-04 2.7480849151369124e-01
5.2086811352253752e+00 0.0000000000000000e+00 2.7285364703542442e-01 2.8241590800699977e-04 2.7257123112741743e-01
5.2186978297161932e+00 0.0000000000000000e+00 2.7061791315178213e-01 2.8394241063819107e-04 2.7033397074114396e-01
5.2287145242070112e+00 0.0000000000000000e+00 2.6847470345603325e-01 2.8546608080523919e-04 2.6818923737522798e-01
5.2387312186978292e+00 0.0000000000000000e+00 2.6634531921364657e-01 2.8698932773051902e-04 2.6605832988591605e-01
5.2487479131886481e+00 0.0000000000000000e+00 2.6421593497125978e-01 2.8851257465579896e-04 2.6392742239660399e-01
5.2587646076794661e+00 0.0000000000000000e+00 2.6208655072887288e-01 2.9003582158107879e-04 2.6179651490729178e-01
5.2687813021702841e+00 0.0000000000000000e+00 2.5995716648648648e-01 2.9155906850635845e-04 2.5966560741798012e-01
5.2787979966611021e+00 0.0000000000000000e+00 2.5782778224410008e-01 2.9308231543163807e-04 2.5753469992866845e-01
5.2888146911519200e+00 0.0000000000000000e+00 2.5578766825129018e-01 2.9460269238651936e-04 2.5549306555890366e-01
5.2988313856427380e+00 0.0000000000000000e+00 2.5375972747433129e-01 2.9612267798180070e-04 2.5346360479634950e-01
5.3088480801335560e+00 0.0000000000000000e+00 2.5173178669737267e-01 2.9764266357708166e-04 2.5143414403379560e-01
5.3188647746243740e+00 0.0000000000000000e+00 2.4970384592041414e-01 2.9916264917236274e-04 2.4940468327124177e-01
5.3288814691151920e+00 0.0000000000000000e+00 2.4767590514345525e-01 3.0068263476764403e-04 2.4737522250868760e-01
5.3388981636060100e+00 0.0000000000000000e+00 2.4564796436649633e-01 3.0220262036292537e-04 2.4534576174613340e-01
5.3489148580968280e+00 0.0000000000000000e+00 2.4370611134010461e-01 3.0371969931252698e-04 2.4340239164079208e-01
5.3589315525876460e+00 0.0000000000000000e+00 2.4177489837277089e-01 3.0523641901378614e-04 2.4146966195375710e-01
5.3689482470784640e+00 0.0000000000000000e+00 2.3984368540543693e-01 3.0675313871504563e-04 2.3953693226672190e-01
5.3789649415692820e+00 0.0000000000000000e+00 2.3791247243810254e-01 3.0826985841630544e-04 2.3760420257968623e-01
5.3889816360600999e+00 0.0000000000000000e+00 2.3598125947076881e-01 3.0978657811756472e-04 2.3567147289265125e-01
5.3989983305509179e+00 0.0000000000000000e+00 2.3405004650343514e-01 3.1130329781882393e-04 2.3373874320561633e-01
5.4090150250417359e+00 0.0000000000000000e+00 2.3220181518614738e-01 3.1281707506630973e-04 2.3188899811108107e-01
5.4190317195325539e+00 0.0000000000000000e+00 2.3036280405219736e-01 3.1433052537448738e-04 2.3004847352682287e-01
5.4290484140233719e+00 0.0000000000000000e+00 2.2852379291824759e-01 3.1584397568266482e-04 2.2820794894256494e-01
5.4390651085141899e+00 0.0000000000000000e+00 2.2668478178429782e-01 3.1735742599084220e-04 2.2636742435830698e-01
5.4490818030050079e+00 0.0000000000000000e+00 2.2484577065034783e-01 3.1887087629901980e-04 2.2452689977404880e-01
5.4590984974958259e+00 0.0000000000000000e+00 2.2300675951639778e-01 3.2038432660719745e-04 2.2268637518979059e-01
5.4691151919866448e+00 0.0000000000000000e+00 2.2124770373289332e-01 3.2189479955666163e-04 2.2092580893333666e-01
5.4791318864774627e+00 0.0000000000000000e+00 2.1949655562141018e-01 3.2340497804207724e-04 2.1917315064336812e-01
5.4891485809682807e+00 0.0000000000000000e+00 2.1774540750992741e-01 3.2491515652749258e-04 2.1742049235339991e-01
5.4991652754590987e+00 0.0000000000000000e+00 2.1599425939844435e-01 3.2642533501290829e-04 2.1566783406343146e-01
5.5091819699499167e+00 0.0000000000000000e+00 2.1424311128696122e-01 3.2793551349832384e-04 2.1391517577346289e-01
5.5191986644407347e+00 0.0000000000000000e+00 2.1249196317547844e-01 3.2944569198373923e-04 2.1216251748349471e-01
5.5292153589315527e+00 0.0000000000000000e+00 2.1081782651290357e-01 3.3095285914431279e-04 2.1048687365375926e-01
5.5392320534223707e+00 0.0000000000000000e+00 2.0915038649805889e-01 3.3245976445055267e-04 2.0881792673360833e-01
5.5492487479131887e+00 0.0000000000000000e+00 2.0748294648321419e-01 3.3396666975679245e-04 2.0714897981345740e-01
5.5592654424040067e+00 0.0000000000000000e+00 2.0581550646836980e-01 3.3547357506303206e-04 2.0548003289330677e-01
5.5692821368948247e+00 0.0000000000000000e+00 2.0414806645352540e-01 3.3698048036927167e-04 2.0381108597315614e-01
5.5792988313856426e+00 0.0000000000000000e+00 2.0248062643868042e-01 3.3848738567551171e-04 2.0214213905300490e-01
5.5893155258764606e+00 0.0000000000000000e+00 2.0088733844611634e-01 3.3999124666492204e-04 2.0054734719945141e-01
5.5993322203672786e+00 0.0000000000000000e+00 1.9929963178856225e-01 3.4149487851220511e-04 1.9895813691005004e-01
5.6093489148580966e+00 0.0000000000000000e+00 1.9771192513100813e-01 3.4299851035948824e-04 1.9736892662064864e-01
5.6193656093489146e+00 0.0000000000000000e+00 1.9612421847345379e-01 3.4450214220677153e-04 1.9577971633124702e-01
5.6293823038397326e+00 0.0000000000000000e+00 1.9453651181589940e-01 3.4600577405405488e-04 1.9419050604184535e-01
5.6393989983305506e+00 0.0000000000000000e+00 1.9294880515834534e-01 3.4750940590133801e-04 1.9260129575244400e-01
5.6494156928213686e+00 0.0000000000000000e+00 1.9143247644742070e-01 3.4900996144894645e-04 1.9108346648597174e-01
5.6594323873121866e+00 0.0000000000000000e+00 1.8992070377564180e-01 3.5051032063700149e-04 1.8957019345500478e-01
5.6694490818030046e+00 0.0000000000000000e+00 1.8840893110386289e-01 3.5201067982505653e-04 1.8805692042403785e-01
5.6794657762938225e+00 0.0000000000000000e+00 1.8689715843208402e-01 3.5351103901311157e-04 1.8654364739307092e-01
5.6894824707846414e+00 0.0000000000000000e+00 1.8538538576030508e-01 3.5501139820116656e-04 1.8503037436210393e-01
5.6994991652754594e+00 0.0000000000000000e+00 1.8387361308852646e-01 3.5651175738922133e-04 1.8351710133113724e-01
5.7095158597662774e+00 0.0000000000000000e+00 1.8243052996825151e-01 3.5800900933850545e-04 1.8207252095891302e-01
5.7195325542570954e+00 0.0000000000000000e+00 1.8099106208752891e-01 3.5950609774890695e-04 1.8063155598978001e-01
5.7295492487479134e+00 0.0000000000000000e+00 1.7955159420680647e-01 3.6100318615930817e-04 1.7919059102064716e-01
5.7395659432387314e+00 0.0000000000000000e+00 1.7811212632608409e-01 3.6250027456970934e-04 1.7774962605151437e-01
5.7495826377295494e+00 0.0000000000000000e+00 1.7667265844536145e-01 3.6399736298011083e-04 1.7630866108238133e-01
5.7595993322203674e+00 0.0000000000000000e+00 1.7523319056463882e-01 3.6549445139051232e-04 1.7486769611324832e-01
5.7696160267111853e+00 0.0000000000000000e+00 1.7385980973358101e-01 3.6698840270100211e-04 1.7349282133088001e-01
5.7796327212020033e+00 0.0000000000000000e+00 1.7248918252959175e-01 3.6848222329899578e-04 1.7212070030629276e-01
5.7896494156928213e+00 0.0000000000000000e+00 1.7111855532560252e-01 3.6997604389698950e-04 1.7074857928170553e-01
5.7996661101836393e+00 0.0000000000000000e+00 1.6974792812161324e-01 3.7146986449498323e-04 1.6937645825711825e-01
5.8096828046744573e+00 0.0000000000000000e+00 1.6837730091762421e-01 3.7296368509297673e-04 1.6800433723253122e-01
5.8196994991652753e+00 0.0000000000000000e+00 1.6700667371363526e-01 3.7445750569097013e-04 1.6663221620794427e-01
5.8297161936560933e+00 0.0000000000000000e+00 1.6569961634232222e-01 3.7594816043966587e-04 1.6532366818188254e-01
5.8397328881469113e+00 0.0000000000000000e+00 1.6439452504830790e-01 3.7743871727549661e-04 1.6401708633103240e-01
5.8497495826377293e+00 0.0000000000000000e+00 1.6308943375429386e-01 3.7892927411132713e-04 1.6271050448018254e-01
5.8597662771285473e+00 0.0000000000000000e+00 1.6178434246027984e-01 3.8041983094715777e-04 1.6140392262933267e-01
5.8697829716193652e+00 0.0000000000000000e+00 1.6047925116626530e-01 3.8191038778298883e-04 1.6009734077848231e-01
5.8797996661101832e+00 0.0000000000000000e+00 1.5917415987225103e-01 3.8340094461881963e-04 1.5879075892763223e-01
5.8898163606010012e+00 0.0000000000000000e+00 1.5793020547134715e-01 3.8488830800105631e-04 1.5754531716334608e-01
5.8998330550918192e+00 0.0000000000000000e+00 1.5668749876213897e-01 3.8637560621077082e-04 1.5630112315592820e-01
5.9098497495826381e+00 0.0000000000000000e+00 1.5544479205293049e-01 3.8786290442048555e-04 1.5505692914851002e-01
5.9198664440734561e+00 0.0000000000000000e+00 1.5420208534372207e-01 3.8935020263020028e-04 1.5381273514109187e-01
5.9298831385642741e+00 0.0000000000000000e+00 1.5295937863451367e-01 3.9083750083991500e-04 1.5256854113367377e-01
5.9398998330550921e+00 0.0000000000000000e+00 1.5171667192530541e-01 3.9232479904962946e-04 1.5132434712625578e-01
5.9499165275459100e+00 0.0000000000000000e+00 1.5053275247494333e-01 3.9380887737941147e-04 1.5013894359756391e-01
5.9599332220367280e+00 0.0000000000000000e+00 1.4934942683527594e-01 3.9529292318515408e-04 1.4895413391209078e-01
5.9699499165275460e+00 0.0000000000000000e+00 1.4816610119560839e-01 3.9677696899089685e-04 1.4776932422661748e-01
5.9799666110183640e+00 0.0000000000000000e+00 1.4698277555594122e-01 3.9826101479663924e-04 1.4658451454114457e-01
5.9899833055091820e+00 0.0000000000000000e+00 1.4579944991627405e-01 3.9974506060238153e-04 1.4539970485567166e-01
6.0000000000000000e+00 0.0000000000000000e+00 1.4461612427660669e-01 4.0122910640812414e-04 1.4421489517019856e-01
