# x y true pred abs_error
-6.0000000000000000e+00 0.0000000000000000e+00 1.4461612427661599e-01 4.0122910640811248e-04 1.4421489517020789e-01
-5.9400000000000004e+00 0.0000000000000000e+00 1.5170424485822301e-01 3.9233967203171501e-04 1.5131190518619128e-01
-5.8799999999999999e+00 0.0000000000000000e+00 1.5914805804638099e-01 3.8343075575552449e-04 1.5876462729062546e-01
-5.8200000000000003e+00 0.0000000000000000e+00 1.6696555489752599e-01 3.7450232030889863e-04 1.6659105257721710e-01
-5.7599999999999998e+00 0.0000000000000000e+00 1.7517561184942099e-01 3.6555433492691685e-04 1.7481005751449408e-01
-5.7000000000000002e+00 0.0000000000000000e+00 1.8379802445494900e-01 3.5658677534861267e-04 1.8344143767960039e-01
-5.6399999999999997e+00 0.0000000000000000e+00 1.9285354275890401e-01 3.4759962381216369e-04 1.9250594313509184e-01
-5.5800000000000001e+00 0.0000000000000000e+00 2.0236390563765400e-01 3.3859286904693703e-04 2.0202531276860705e-01
-5.5199999999999996e+00 0.0000000000000000e+00 2.1235187132657299e-01 3.2956650626256106e-04 2.1202230482031043e-01
-5.4600000000000000e+00 0.0000000000000000e+00 2.2284124851435599e-01 3.2052053713492218e-04 2.2252072797722108e-01
-5.4000000000000004e+00 0.0000000000000000e+00 2.3385692520671600e-01 3.1145496978893868e-04 2.3354547023692707e-01
-5.3399999999999999e+00 0.0000000000000000e+00 2.4542489088104599e-01 3.0236981877839494e-04 2.4512252106226759e-01
-5.2800000000000002e+00 0.0000000000000000e+00 2.5757225613502899e-01 2.9326510506266063e-04 2.5727899102996632e-01
-5.2199999999999998e+00 0.0000000000000000e+00 2.7032726774692500e-01 2.8414085598023483e-04 2.7004312689094478e-01
-5.1600000000000001e+00 0.0000000000000000e+00 2.8371931370994302e-01 2.7499710521939800e-04 2.8344431660472363e-01
-5.0999999999999996e+00 0.0000000000000000e+00 2.9777891949563601e-01 2.6583389278550290e-04 2.9751308560285050e-01
-5.0400000000000000e+00 0.0000000000000000e+00 3.1253773582634198e-01 2.5665126496564653e-04 3.1228108456137632e-01
-4.9800000000000004e+00 0.0000000000000000e+00 3.2802851177106401e-01 2.4744927428977715e-04 3.2778106249677424e-01
-4.9199999999999999e+00 0.0000000000000000e+00 3.4428504886943700e-01 2.3822797948923054e-04 3.4404682088994776e-01
-4.8600000000000003e+00 0.0000000000000000e+00 3.6134214050171398e-01 2.2898744545199142e-04 3.6111315305626202e-01
-4.7999999999999998e+00 0.0000000000000000e+00 3.7923548839286497e-01 2.1972774317493746e-04 3.7901576064969006e-01
-4.7400000000000002e+00 0.0000000000000000e+00 3.9800158679142500e-01 2.1044894971338174e-04 3.9779113784171161e-01
-4.6799999999999997e+00 0.0000000000000000e+00 4.1767758032231400e-01 2.0115114812726490e-04 4.1747642917418676e-01
-4.6200000000000001e+00 0.0000000000000000e+00 4.3830108636475401e-01 1.9183442742481157e-04 4.3810925193732919e-01
-4.5599999999999996e+00 0.0000000000000000e+00 4.5990996791621203e-01 1.8249888250292329e-04 4.5972746903370909e-01
-4.5000000000000000e+00 0.0000000000000000e+00 4.8254206093709101e-01 1.7314461408510034e-04 4.8236891632300594e-01
-4.4400000000000004e+00 0.0000000000000000e+00 5.0623484790581796e-01 1.6377172865617343e-04 5.0607107617716174e-01
-4.3799999999999999e+00 0.0000000000000000e+00 5.3102506082301004e-01 1.5438033839433726e-04 5.3087068048461572e-01
-4.3200000000000003e+00 0.0000000000000000e+00 5.5694820933923594e-01 1.4497056110056132e-04 5.5680323877813542e-01
-4.2599999999999998e+00 0.0000000000000000e+00 5.8403803163206602e-01 1.3554252012510162e-04 5.8390248911194087e-01
-4.2000000000000002e+00 0.0000000000000000e+00 6.1232584906792598e-01 1.2609634429138557e-04 6.1219975272363458e-01
-4.1399999999999997e+00 0.0000000000000000e+00 6.4183980837747900e-01 1.1663216781720520e-04 6.4172317620966179e-01
-4.0800000000000001e+00 0.0000000000000000e+00 6.7260401954665905e-01 1.0715013023339078e-04 6.7249686941642561e-01
-4.0199999999999996e+00 0.0000000000000000e+00 7.0463756906475405e-01 9.7650376299919083e-05 7.0453991868845411e-01
-3.9600000000000000e+00 0.0000000000000000e+00 7.3795338409275901e-01 8.8133055919361811e-05 7.3786525103683964e-01
-3.8999999999999999e+00 0.0000000000000000e+00 7.7255696617159297e-01 7.8598324048087878e-05 7.7247836784754487e-01
-3.8399999999999999e+00 0.0000000000000000e+00 8.0844498122263897e-01 6.9046340604943897e-05 8.0837593488203408e-01
-3.7799999999999998e+00 0.0000000000000000e+00 8.4560368179398304e-01 5.9477270377504511e-05 8.4554420452360557e-01
-3.7200000000000002e+00 0.0000000000000000e+00 8.8400718996877103e-01 4.9891282926256249e-05 8.8395729868584483e-01
-3.6600000000000001e+00 0.0000000000000000e+00 9.2361565147057900e-01 4.0288552486276866e-05 9.2357536291809272e-01
-3.6000000000000001e+00 0.0000000000000000e+00 9.6437325545977004e-01 3.0669257866958134e-05 9.6434258620190305e-01
-3.5400000000000000e+00 0.0000000000000000e+00 1.0062061535665701e+00 2.1033582349433812e-05 1.0061851199842207e+00
-3.4800000000000000e+00 0.0000000000000000e+00 1.0490203454189599e+00 1.1381713582028948e-05 1.0490089637053779e+00
-3.4199999999999999e+00 0.0000000000000000e+00 1.0926995595549001e+00 1.7138434737435163e-06 1.0926978457114263e+00
-3.3599999999999999e+00 0.0000000000000000e+00 1.1371031751286900e+00 7.9698319142870559e-06 1.1370952052967758e+00
-3.2999999999999998e+00 0.0000000000000000e+00 1.1820643352501199e+00 1.7669112479125294e-05 1.1820466661376408e+00
-3.2400000000000002e+00 0.0000000000000000e+00 1.2273883306177999e+00 2.7383794188101532e-05 1.2273609468236117e+00
-3.1800000000000002e+00 0.0000000000000000e+00 1.2728513199701901e+00 3.7113669192838155e-05 1.2728142063009973e+00
-3.1200000000000001e+00 0.0000000000000000e+00 1.3181996155797400e+00 4.6858525944644489e-05 1.3181527570537954e+00
-3.0600000000000001e+00 0.0000000000000000e+00 1.3631496671334600e+00 5.6618149311696937e-05 1.3630930489841482e+00
-3.0000000000000000e+00 0.0000000000000000e+00 1.4073888139793600e+00 6.6392320697656335e-05 1.4073224216586624e+00
-2.9399999999999999e+00 0.0000000000000000e+00 1.4505770376250300e+00 7.6180818161683929e-05 1.4505008568068682e+00
-2.8799999999999999e+00 0.0000000000000000e+00 1.4923498695676001e+00 8.5983416539978704e-05 1.4922638861510602e+00
-2.8199999999999998e+00 0.0000000000000000e+00 1.5323224670594600e+00 9.5799887568317164e-05 1.5322266671718916e+00
-2.7599999999999998e+00 0.0000000000000000e+00 1.5700949005272400e+00 1.0563000000613334e-04 1.5699892705272338e+00
-2.7000000000000002e+00 0.0000000000000000e+00 1.6052587896057400e+00 1.1547351976150255e-04 1.6051433160859785e+00
-2.6400000000000001e+00 0.0000000000000000e+00 1.6374051019928899e+00 1.2533021001722528e-04 1.6372797717828727e+00
-2.5800000000000001e+00 0.0000000000000000e+00 1.6661327717027401e+00 1.3519983135795765e-04 1.6659975718713822e+00
-2.5200000000000000e+00 0.0000000000000000e+00 1.6910581991638900e+00 1.4508214189817002e-04 1.6909131170219918e+00
-2.4600000000000000e+00 0.0000000000000000e+00 1.7118252086983501e+00 1.5497689741090582e-04 1.7116702318009391e+00
-2.3999999999999999e+00 0.0000000000000000e+00 1.7281146251201400e+00 1.6488385145734322e-04 1.7279497412686826e+00
-2.3399999999999999e+00 0.0000000000000000e+00 1.7396534782754300e+00 1.7480275551695753e-04 1.7394786755199130e+00
-2.2799999999999998e+00 0.0000000000000000e+00 1.7462235299771800e+00 1.8473335911828185e-04 1.7460387966180617e+00
-2.2200000000000002e+00 0.0000000000000000e+00 1.7476677563291401e+00 1.9467540997012128e-04 1.7474730809191699e+00
-2.1600000000000001e+00 0.0000000000000000e+00 1.7438953637122601e+00 2.0462865409319475e-04 1.7436907350581670e+00
-2.1000000000000001e+00 0.0000000000000000e+00 1.7348841895496201e+00 2.1459283595216480e-04 1.7346695967136678e+00
-2.0400000000000000e+00 0.0000000000000000e+00 1.7206812741029800e+00 2.2456769858777341e-04 1.7204567064043923e+00
-1.9800000000000000e+00 0.0000000000000000e+00 1.7014010795119301e+00 2.3455298374927774e-04 1.7011665265281808e+00
-1.9199999999999999e+00 0.0000000000000000e+00 1.6772208158716100e+00 2.4454843202688229e-04 1.6769762674395832e+00
-1.8600000000000001e+00 0.0000000000000000e+00 1.6483742519685300e+00 2.5455378298420614e-04 1.6481196981855459e+00
-1.8000000000000000e+00 0.0000000000000000e+00 1.6151440904844401e+00 2.6456877529063135e-04 1.6148795217091494e+00
-1.7400000000000000e+00 0.0000000000000000e+00 1.5778527740964801e+00 2.7459314685356257e-04 1.5775781809496265e+00
-1.6799999999999999e+00 0.0000000000000000e+00 1.5368527241154299e+00 2.8462663495035245e-04 1.5365680974804796e+00
-1.6200000000000001e+00 0.0000000000000000e+00 1.4925165881567100e+00 2.9466897635994265e-04 1.4922219191803501e+00
-1.5600000000000001e+00 0.0000000000000000e+00 1.4452275147703399e+00 3.0471990749412591e-04 1.4449227948628458e+00
-1.5000000000000000e+00 0.0000000000000000e+00 1.3953700476253199e+00 3.1477916452827897e-04 1.3950552684607915e+00
-1.4399999999999999e+00 0.0000000000000000e+00 1.3433220632002800e+00 3.2484648353155003e-04 1.3429972167167485e+00
-1.3799999999999999e+00 0.0000000000000000e+00 1.2894477578583401e+00 3.3492160059642661e-04 1.2891128362577438e+00
-1.3200000000000001e+00 0.0000000000000000e+00 1.2340918142203401e+00 3.4500425196756421e-04 1.2337468099683726e+00
-1.2600000000000000e+00 0.0000000000000000e+00 1.1775748950357900e+00 3.5509417416979656e-04 1.1772198008616201e+00
-1.2000000000000000e+00 0.0000000000000000e+00 1.1201903947190901e+00 3.6519110413536977e-04 1.1198252036149547e+00
-1.1399999999999999e+00 0.0000000000000000e+00 1.0622022593666101e+00 3.7529477933012363e-04 1.0618269645872800e+00
-1.0800000000000001e+00 0.0000000000000000e+00 1.0038438633128199e+00 3.8540493787871891e-04 1.0034584583749413e+00
-1.0200000000000000e+00 0.0000000000000000e+00 9.4531780994105896e-01 3.9552131868879185e-04 9.4492228862237015e-01
-9.5999999999999996e-01 0.0000000000000000e+00 8.8679639930235898e-01 4.0564366157388760e-04 8.8639075564078507e-01
-9.0000000000000002e-01 0.0000000000000000e+00 8.2842268627818405e-01 4.1577170737522610e-04 8.2800691457080877e-01
-8.3999999999999997e-01 0.0000000000000000e+00 7.7031200677484502e-01 4.2590519808215080e-04 7.6988610157676285e-01
-7.8000000000000003e-01 0.0000000000000000e+00 7.1255378037317596e-01 4.3604387695121119e-04 7.1211773649622478e-01
-7.1999999999999997e-01 0.0000000000000000e+00 6.5521351389752802e-01 4.4618748862380354e-04 6.5476732640890423e-01
-6.6000000000000003e-01 0.0000000000000000e+00 5.9833492772024199e-01 4.5633577924236127e-04 5.9787859194099968e-01
-5.9999999999999998e-01 0.0000000000000000e+00 5.4194210644624596e-01 4.6648849656493450e-04 5.4147561794968102e-01
-5.4000000000000004e-01 0.0000000000000000e+00 4.8604162486339098e-01 4.7664539007820708e-04 4.8556497947331279e-01
-4.7999999999999998e-01 0.0000000000000000e+00 4.3062461804639102e-01 4.8680621110878128e-04 4.3013781183528221e-01
-4.1999999999999998e-01 0.0000000000000000e+00 3.7566875636629299e-01 4.9697071293278920e-04 3.7517178565336018e-01
-3.5999999999999999e-01 0.0000000000000000e+00 3.2114011561485201e-01 5.0713865088364881e-04 3.2063297696396836e-01
-2.9999999999999999e-01 0.0000000000000000e+00 2.6699493948694503e-01 5.1730978245802294e-04 2.6647762970448702e-01
-2.3999999999999999e-01 0.0000000000000000e+00 2.1318127930233399e-01 5.2748386741986416e-04 2.1265379543491414e-01
-1.7999999999999999e-01 0.0000000000000000e+00 1.5964053710581899e-01 5.3766066790249462e-04 1.5910287643791649e-01
-1.2000000000000000e-01 0.0000000000000000e+00 1.0630892029614900e-01 5.4783994850870457e-04 1.0576108034764028e-01
-5.9999999999999998e-02 0.0000000000000000e+00 5.3118801095428797e-02 5.5802147640879709e-04 5.2560779619019997e-02
0.0000000000000000e+00 0.0000000000000000e+00 0.0000000000000000e+00 0.0000000000000000e+00 0.0000000000000000e+00
5.9999999999999998e-02 0.0000000000000000e+00 5.3118801095428797e-02 5.5802147640879709e-04 5.2560779619019997e-02
1.2000000000000000e-01 0.0000000000000000e+00 1.0630892029614900e-01 5.4783994850870457e-04 1.0576108034764028e-01
1.7999999999999999e-01 0.0000000000000000e+00 1.5964053710581899e-01 5.3766066790249462e-04 1.5910287643791649e-01
2.3999999999999999e-01 0.0000000000000000e+00 2.1318127930233399e-01 5.2748386741986416e-04 2.1265379543491414e-01
2.9999999999999999e-01 0.0000000000000000e+00 2.6699493948694503e-01 5.1730978245802294e-04 2.6647762970448702e-01
3.5999999999999999e-01 0.0000000000000000e+00 3.2114011561485201e-01 5.0713865088364881e-04 3.2063297696396836e-01
4.1999999999999998e-01 0.0000000000000000e+00 3.7566875636629299e-01 4.9697071293278920e-04 3.7517178565336018e-01
4.7999999999999998e-01 0.0000000000000000e+00 4.3062461804639102e-01 4.8680621110878128e-04 4.3013781183528221e-01
5.4000000000000004e-01 0.0000000000000000e+00 4.8604162486339098e-01 4.7664539007820708e-04 4.8556497947331279e-01
5.9999999999999998e-01 0.0000000000000000e+00 5.4194210644624596e-01 4.6648849656493450e-04 5.4147561794968102e-01
6.6000000000000003e-01 0.0000000000000000e+00 5.9833492772024199e-01 4.5633577924236127e-04 5.9787859194099968e-01
7.1999999999999997e-01 0.0000000000000000e+00 6.5521351389752802e-01 4.4618748862380354e-04 6.5476732640890423e-01
7.8000000000000003e-01 0.0000000000000000e+00 7.1255378037317596e-01 4.3604387695121119e-04 7.1211773649622478e-01
8.3999999999999997e-01 0.0000000000000000e+00 7.7031200677484502e-01 4.2590519808215080e-04 7.6988610157676285e-01
9.0000000000000002e-01 0.0000000000000000e+00 8.2842268627818405e-01 4.1577170737522610e-04 8.2800691457080877e-01
9.5999999999999996e-01 0.0000000000000000e+00 8.8679639930235898e-01 4.0564366157388760e-04 8.8639075564078507e-01
1.0200000000000000e+00 0.0000000000000000e+00 9.4531780994105896e-01 3.9552131868879185e-04 9.4492228862237015e-01
1.0800000000000001e+00 0.0000000000000000e+00 1.0038438633128199e+00 3.8540493787871891e-04 1.0034584583749413e+00
1.1399999999999999e+00 0.0000000000000000e+00 1.0622022593666101e+00 3.7529477933012363e-04 1.0618269645872800e+00
1.2000000000000000e+00 0.0000000000000000e+00 1.1201903947190901e+00 3.6519110413536977e-04 1.1198252036149547e+00
1.2600000000000000e+00 0.0000000000000000e+00 1.1775748950357900e+00 3.5509417416979656e-04 1.1772198008616201e+00
1.3200000000000001e+00 0.0000000000000000e+00 1.2340918142203401e+00 3.4500425196756421e-04 1.2337468099683726e+00
1.3799999999999999e+00 0.0000000000000000e+00 1.2894477578583401e+00 3.3492160059642661e-04 1.2891128362577438e+00
1.4399999999999999e+00 0.0000000000000000e+00 1.3433220632002800e+00 3.2484648353155003e-04 1.3429972167167485e+00
1.5000000000000000e+00 0.0000000000000000e+00 1.3953700476253199e+00 3.1477916452827897e-04 1.3950552684607915e+00
1.5600000000000001e+00 0.0000000000000000e+00 1.4452275147703399e+00 3.0471990749412591e-04 1.4449227948628458e+00
1.6200000000000001e+00 0.0000000000000000e+00 1.4925165881567100e+00 2.9466897635994265e-04 1.4922219191803501e+00
1.6799999999999999e+00 0.0000000000000000e+00 1.5368527241154299e+00 2.8462663495035245e-04 1.5365680974804796e+00
1.7400000000000000e+00 0.0000000000000000e+00 1.5778527740964801e+00 2.7459314685356257e-04 1.5775781809496265e+00
1.8000000000000000e+00 0.0000000000000000e+00 1.6151440904844401e+00 2.6456877529063135e-04 1.6148795217091494e+00
1.8600000000000001e+00 0.0000000000000000e+00 1.6483742519685300e+00 2.5455378298420614e-04 1.6481196981855459e+00
1.9199999999999999e+00 0.0000000000000000e+00 1.6772208158716100e+00 2.4454843202688229e-04 1.6769762674395832e+00
1.9800000000000000e+00 0.0000000000000000e+00 1.7014010795119301e+00 2.3455298374927774e-04 1.7011665265281808e+00
2.0400000000000000e+00 0.0000000000000000e+00 1.7206812741029800e+00 2.2456769858777341e-04 1.7204567064043923e+00
2.1000000000000001e+00 0.0000000000000000e+00 1.7348841895496201e+00 2.1459283595216480e-04 1.7346695967136678e+00
2.1600000000000001e+00 0.0000000000000000e+00 1.7438953637122601e+00 2.0462865409319475e-04 1.7436907350581670e+00
2.2200000000000002e+00 0.0000000000000000e+00 1.7476677563291401e+00 1.9467540997012128e-04 1.7474730809191699e+00
2.2799999999999998e+00 0.0000000000000000e+00 1.7462235299771800e+00 1.8473335911828185e-04 1.7460387966180617e+00
2.3399999999999999e+00 0.0000000000000000e+00 1.7396534782754300e+00 1.7480275551695753e-04 1.7394786755199130e+00
2.3999999999999999e+00 0.0000000000000000e+00 1.7281146251201400e+00 1.6488385145734322e-04 1.7279497412686826e+00
2.4600000000000000e+00 0.0000000000000000e+00 1.7118252086983501e+00 1.5497689741090582e-04 1.7116702318009391e+00
2.5200000000000000e+00 0.0000000000000000e+00 1.6910581991638900e+00 1.4508214189817002e-04 1.6909131170219918e+00
2.5800000000000001e+00 0.0000000000000000e+00 1.6661327717027401e+00 1.3519983135795765e-04 1.6659975718713822e+00
2.6400000000000001e+00 0.0000000000000000e+00 1.6374051019928899e+00 1.2533021001722528e-04 1.6372797717828727e+00
2.7000000000000002e+00 0.0000000000000000e+00 1.6052587896057400e+00 1.1547351976150255e-04 1.6051433160859785e+00
2.7599999999999998e+00 0.0000000000000000e+00 1.5700949005272400e+00 1.0563000000613334e-04 1.5699892705272338e+00
2.8199999999999998e+00 0.0000000000000000e+00 1.5323224670594600e+00 9.5799887568317164e-05 1.5322266671718916e+00
2.8799999999999999e+00 0.0000000000000000e+00 1.4923498695676001e+00 8.5983416539978704e-05 1.4922638861510602e+00
2.9399999999999999e+00 0.0000000000000000e+00 1.4505770376250300e+00 7.6180818161683929e-05 1.4505008568068682e+00
3.0000000000000000e+00 0.0000000000000000e+00 1.4073888139793600e+00 6.6392320697656335e-05 1.4073224216586624e+00
3.0600000000000001e+00 0.0000000000000000e+00 1.3631496671334600e+00 5.6618149311696937e-05 1.3630930489841482e+00
3.1200000000000001e+00 0.0000000000000000e+00 1.3181996155797400e+00 4.6858525944644489e-05 1.3181527570537954e+00
3.1800000000000002e+00 0.0000000000000000e+00 1.2728513199701901e+00 3.7113669192838155e-05 1.2728142063009973e+00
3.2400000000000002e+00 0.0000000000000000e+00 1.2273883306177999e+00 2.7383794188101532e-05 1.2273609468236117e+00
3.2999999999999998e+00 0.0000000000000000e+00 1.1820643352501199e+00 1.7669112479125294e-05 1.1820466661376408e+00
3.3599999999999999e+00 0.0000000000000000e+00 1.1371031751286900e+00 7.9698319142870559e-06 1.1370952052967758e+00
3.4199999999999999e+00 0.0000000000000000e+00 1.0926995595549001e+00 1.7138434737435163e-06 1.0926978457114263e+00
3.4800000000000000e+00 0.0000000000000000e+00 1.0490203454189599e+00 1.1381713582028948e-05 1.0490089637053779e+00
3.5400000000000000e+00 0.0000000000000000e+00 1.0062061535665701e+00 2.1033582349433812e-05 1.0061851199842207e+00
3.6000000000000001e+00 0.0000000000000000e+00 9.6437325545977004e-01 3.0669257866958134e-05 9.6434258620190305e-01
3.6600000000000001e+00 0.0000000000000000e+00 9.2361565147057900e-01 4.0288552486276866e-05 9.2357536291809272e-01
3.7200000000000002e+00 0.0000000000000000e+00 8.8400718996877103e-01 4.9891282926256249e-05 8.8395729868584483e-01
3.7799999999999998e+00 0.0000000000000000e+00 8.4560368179398304e-01 5.9477270377504511e-05 8.4554420452360557e-01
3.8399999999999999e+00 0.0000000000000000e+00 8.0844498122263897e-01 6.9046340604943897e-05 8.0837593488203408e-01
3.8999999999999999e+00 0.0000000000000000e+00 7.7255696617159297e-01 7.8598324048087878e-05 7.7247836784754487e-01
3.9600000000000000e+00 0.0000000000000000e+00 7.3795338409275901e-01 8.8133055919361811e-05 7.3786525103683964e-01
4.0199999999999996e+00 0.0000000000000000e+00 7.0463756906475405e-01 9.7650376299919083e-05 7.0453991868845411e-01
4.0800000000000001e+00 0.0000000000000000e+00 6.7260401954665905e-01 1.0715013023339078e-04 6.7249686941642561e-01
4.1399999999999997e+00 0.0000000000000000e+00 6.4183980837747900e-01 1.1663216781720520e-04 6.4172317620966179e-01
4.2000000000000002e+00 0.0000000000000000e+00 6.1232584906792598e-01 1.2609634429138557e-04 6.1219975272363458e-01
4.2599999999999998e+00 0.0000000000000000e+00 5.8403803163206602e-01 1.3554252012510162e-04 5.8390248911194087e-01
4.3200000000000003e+00 0.0000000000000000e+00 5.5694820933923594e-01 1.4497056110056132e-04 5.5680323877813542e-01
4.3799999999999999e+00 0.0000000000000000e+00 5.3102506082301004e-01 1.5438033839433726e-04 5.3087068048461572e-01
4.4400000000000004e+00 0.0000000000000000e+00 5.0623484790581796e-01 1.6377172865617343e-04 5.0607107617716174e-01
4.5000000000000000e+00 0.0000000000000000e+00 4.8254206093709101e-01 1.7314461408510034e-04 4.8236891632300594e-01
4.5599999999999996e+00 0.0000000000000000e+00 4.5990996791621203e-01 1.8249888250292329e-04 4.5972746903370909e-01
4.6200000000000001e+00 0.0000000000000000e+00 4.3830108636475401e-01 1.9183442742481157e-04 4.3810925193732919e-01
4.6799999999999997e+00 0.0000000000000000e+00 4.1767758032231400e-01 2.0115114812726490e-04 4.1747642917418676e-01
4.7400000000000002e+00 0.0000000000000000e+00 3.9800158679142500e-01 2.1044894971338174e-04 3.9779113784171161e-01
4.7999999999999998e+00 0.0000000000000000e+00 3.7923548839286497e-01 2.1972774317493746e-04 3.7901576064969006e-01
4.8600000000000003e+00 0.0000000000000000e+00 3.6134214050171398e-01 2.2898744545199142e-04 3.6111315305626202e-01
4.9199999999999999e+00 0.0000000000000000e+00 3.4428504886943700e-01 2.3822797948923054e-04 3.4404682088994776e-01
4.9800000000000004e+00 0.0000000000000000e+00 3.2802851177106401e-01 2.4744927428977715e-04 3.2778106249677424e-01
5.0400000000000000e+00 0.0000000000000000e+00 3.1253773582634198e-01 2.5665126496564653e-04 3.1228108456137632e-01
5.0999999999999996e+00 0.0000000000000000e+00 2.9777891949563601e-01 2.6583389278550290e-04 2.9751308560285050e-01
5.1600000000000001e+00 0.0000000000000000e+00 2.8371931370994302e-01 2.7499710521939800e-04 2.8344431660472363e-01
5.2199999999999998e+00 0.0000000000000000e+00 2.7032726774692500e-01 2.8414085598023483e-04 2.7004312689094478e-01
5.2800000000000002e+00 0.0000000000000000e+00 2.5757225613502899e-01 2.9326510506266063e-04 2.5727899102996632e-01
5.3399999999999999e+00 0.0000000000000000e+00 2.4542489088104599e-01 3.0236981877839494e-04 2.4512252106226759e-01
5.4000000000000004e+00 0.0000000000000000e+00 2.3385692520671600e-01 3.1145496978893868e-04 2.3354547023692707e-01
5.4600000000000000e+00 0.0000000000000000e+00 2.2284124851435599e-01 3.2052053713492218e-04 2.2252072797722108e-01
5.5199999999999996e+00 0.0000000000000000e+00 2.1235187132657299e-01 3.2956650626256106e-04 2.1202230482031043e-01
5.5800000000000001e+00 0.0000000000000000e+00 2.0236390563765400e-01 3.3859286904693703e-04 2.0202531276860705e-01
5.6399999999999997e+00 0.0000000000000000e+00 1.9285354275890401e-01 3.4759962381216369e-04 1.9250594313509184e-01
5.7000000000000002e+00 0.0000000000000000e+00 1.8379802445494900e-01 3.5658677534861267e-04 1.8344143767960039e-01
5.7599999999999998e+00 0.0000000000000000e+00 1.7517561184942099e-01 3.6555433492691685e-04 1.7481005751449408e-01
5.8200000000000003e+00 0.0000000000000000e+00 1.6696555489752599e-01 3.7450232030889863e-04 1.6659105257721710e-01
5.8799999999999999e+00 0.0000000000000000e+00 1.5914805804638099e-01 3.8343075575552449e-04 1.5876462729062546e-01
5.9400000000000004e+00 0.0000000000000000e+00 1.5170424485822301e-01 3.9233967203171501e-04 1.5131190518619128e-01
6.0000000000000000e+00 0.0000000000000000e+00 1.4461612427661599e-01 4.0122910640811248e-04 1.4421489517020789e-01
