0.0000000000000000e+00 0.0000000000000000e+00 7.2955651588688999e-16
1.0016694490818030e-02 0.0000000000000000e+00 9.3158844142369183e-05
2.0033388981636060e-02 0.0000000000000000e+00 1.8631768828400881e-04
3.0050083472454088e-02 0.0000000000000000e+00 2.7947653242564846e-04
4.0066777963272120e-02 0.0000000000000000e+00 3.7263537656729608e-04
5.0083472454090151e-02 0.0000000000000000e+00 4.6579422070893562e-04
6.0100166944908176e-02 0.0000000000000000e+00 5.5800447886638336e-04
7.0116861435726208e-02 0.0000000000000000e+00 5.5630472462596771e-04
8.0133555926544239e-02 0.0000000000000000e+00 5.5460497038555185e-04
9.0150250417362271e-02 0.0000000000000000e+00 5.5290521614513566e-04
1.0016694490818030e-01 0.0000000000000000e+00 5.5120546190471991e-04
1.1018363939899833e-01 0.0000000000000000e+00 5.4950570766430383e-04
1.2020033388981635e-01 0.0000000000000000e+00 5.4780596092737343e-04
1.3021702838063440e-01 0.0000000000000000e+00 5.4610658186122823e-04
1.4023372287145242e-01 0.0000000000000000e+00 5.4440720279508303e-04
1.5025041736227046e-01 0.0000000000000000e+00 5.4270782372893784e-04
1.6026711185308848e-01 0.0000000000000000e+00 5.4100844466279275e-04
1.7028380634390650e-01 0.0000000000000000e+00 5.3930906559664744e-04
1.8030050083472454e-01 0.0000000000000000e+00 5.3760969895182240e-04
1.9031719532554256e-01 0.0000000000000000e+00 5.3591073392968039e-04
2.0033388981636061e-01 0.0000000000000000e+00 5.3421176890753859e-04
2.1035058430717862e-01 0.0000000000000000e+00 5.3251280388539658e-04
2.2036727879799667e-01 0.0000000000000000e+00 5.3081383886325467e-04
2.3038397328881469e-01 0.0000000000000000e+00 5.2911487384111266e-04
2.4040066777963270e-01 0.0000000000000000e+00 5.2741592695266550e-04
2.5041736227045075e-01 0.0000000000000000e+00 5.2571741527289234e-04
2.6043405676126880e-01 0.0000000000000000e+00 5.2401890359311917e-04
2.7045075125208679e-01 0.0000000000000000e+00 5.2232039191334623e-04
2.8046744574290483e-01 0.0000000000000000e+00 5.2062188023357296e-04
2.9048414023372288e-01 0.0000000000000000e+00 5.1892336855379980e-04
3.0050083472454092e-01 0.0000000000000000e+00 5.1722488152667657e-04
3.1051752921535891e-01 0.0000000000000000e+00 5.1552686289990310e-04
3.2053422370617696e-01 0.0000000000000000e+00 5.1382884427312963e-04
3.3055091819699500e-01 0.0000000000000000e+00 5.1213082564635572e-04
3.4056761268781299e-01 0.0000000000000000e+00 5.1043280701958192e-04
3.5058430717863104e-01 0.0000000000000000e+00 5.0873478839280845e-04
3.6060100166944908e-01 0.0000000000000000e+00 5.0703680175558585e-04
3.7061769616026713e-01 0.0000000000000000e+00 5.0533931628799660e-04
3.8063439065108512e-01 0.0000000000000000e+00 5.0364183082040725e-04
3.9065108514190316e-01 0.0000000000000000e+00 5.0194434535281800e-04
4.0066777963272121e-01 0.0000000000000000e+00 5.0024685988522897e-04
4.1068447412353920e-01 0.0000000000000000e+00 4.9854937441763962e-04
4.2070116861435725e-01 0.0000000000000000e+00 4.9685192910512213e-04
4.3071786310517529e-01 0.0000000000000000e+00 4.9515501728141463e-04
4.4073455759599334e-01 0.0000000000000000e+00 4.9345810545770713e-04
4.5075125208681133e-01 0.0000000000000000e+00 4.9176119363399963e-04
4.6076794657762937e-01 0.0000000000000000e+00 4.9006428181029213e-04
4.7078464106844742e-01 0.0000000000000000e+00 4.8836736998658474e-04
4.8080133555926541e-01 0.0000000000000000e+00 4.8667050732205489e-04
4.9081803005008345e-01 0.0000000000000000e+00 4.8497420998806925e-04
5.0083472454090150e-01 0.0000000000000000e+00 4.8327791265408360e-04
5.1085141903171949e-01 0.0000000000000000e+00 4.8158161532009785e-04
5.2086811352253759e-01 0.0000000000000000e+00 4.7988531798611220e-04
5.3088480801335558e-01 0.0000000000000000e+00 4.7818902065212651e-04
5.4090150250417357e-01 0.0000000000000000e+00 4.7649278232925218e-04
5.5091819699499167e-01 0.0000000000000000e+00 4.7479714067428169e-04
5.6093489148580966e-01 0.0000000000000000e+00 4.7310149901931146e-04
5.7095158597662765e-01 0.0000000000000000e+00 4.7140585736434103e-04
5.8096828046744575e-01 0.0000000000000000e+00 4.6971021570937053e-04
5.9098497495826374e-01 0.0000000000000000e+00 4.6801457405440020e-04
6.0100166944908184e-01 0.0000000000000000e+00 4.6631900211880706e-04
6.1101836393989983e-01 0.0000000000000000e+00 4.6462405765760961e-04
6.2103505843071782e-01 0.0000000000000000e+00 4.6292911319641204e-04
6.3105175292153592e-01 0.0000000000000000e+00 4.6123416873521442e-04
6.4106844741235391e-01 0.0000000000000000e+00 4.5953922427401691e-04
6.5108514190317190e-01 0.0000000000000000e+00 4.5784427981281946e-04
6.6110183639399001e-01 0.0000000000000000e+00 4.5614941664334844e-04
6.7111853088480800e-01 0.0000000000000000e+00 4.5445521119784636e-04
6.8113522537562599e-01 0.0000000000000000e+00 4.5276100575234406e-04
6.9115191986644409e-01 0.0000000000000000e+00 4.5106680030684203e-04
7.0116861435726208e-01 0.0000000000000000e+00 4.4937259486133989e-04
7.1118530884808018e-01 0.0000000000000000e+00 4.4767838941583787e-04
7.2120200333889817e-01 0.0000000000000000e+00 4.4598427770548027e-04
7.3121869782971616e-01 0.0000000000000000e+00 4.4429085338618259e-04
7.4123539232053426e-01 0.0000000000000000e+00 4.4259742906688508e-04
7.5125208681135225e-01 0.0000000000000000e+00 4.4090400474758746e-04
7.6126878130217024e-01 0.0000000000000000e+00 4.3921058042829000e-04
7.7128547579298834e-01 0.0000000000000000e+00 4.3751715610899244e-04
7.8130217028380633e-01 0.0000000000000000e+00 4.3582383884553086e-04
7.9131886477462432e-01 0.0000000000000000e+00 4.3413123803266626e-04
8.0133555926544242e-01 0.0000000000000000e+00 4.3243863721980133e-04
8.1135225375626041e-01 0.0000000000000000e+00 4.3074603640693641e-04
8.2136894824707840e-01 0.0000000000000000e+00 4.2905343559407149e-04
8.3138564273789650e-01 0.0000000000000000e+00 4.2736083478120673e-04
8.4140233722871449e-01 0.0000000000000000e+00 4.2566835522755714e-04
8.5141903171953259e-01 0.0000000000000000e+00 4.2397662055194366e-04
8.6143572621035058e-01 0.0000000000000000e+00 4.2228488587633028e-04
8.7145242070116857e-01 0.0000000000000000e+00 4.2059315120071664e-04
8.8146911519198667e-01 0.0000000000000000e+00 4.1890141652510315e-04
8.9148580968280466e-01 0.0000000000000000e+00 4.1720968184948978e-04
9.0150250417362265e-01 0.0000000000000000e+00 4.1551808352376573e-04
9.1151919866444076e-01 0.0000000000000000e+00 4.1382725784741542e-04
9.2153589315525875e-01 0.0000000000000000e+00 4.1213643217106495e-04
9.3155258764607674e-01 0.0000000000000000e+00 4.1044560649471470e-04
9.4156928213689484e-01 0.0000000000000000e+00 4.0875478081836439e-04
9.5158597662771283e-01 0.0000000000000000e+00 4.0706395514201413e-04
9.6160267111853082e-01 0.0000000000000000e+00 4.0537328179731627e-04
9.7161936560934892e-01 0.0000000000000000e+00 4.0368340819379436e-04
9.8163606010016691e-01 0.0000000000000000e+00 4.0199353459027267e-04
9.9165275459098501e-01 0.0000000000000000e+00 4.0030366098675060e-04
1.0016694490818030e+00 0.0000000000000000e+00 3.9861378738322901e-04
1.0116861435726210e+00 0.0000000000000000e+00 3.9692391377970705e-04
1.0217028380634390e+00 0.0000000000000000e+00 3.9523420938365674e-04
1.0317195325542572e+00 0.0000000000000000e+00 3.9354533111820195e-04
1.0417362270450752e+00 0.0000000000000000e+00 3.9185645285274738e-04
1.0517529215358932e+00 0.0000000000000000e+00 3.9016757458729291e-04
1.0617696160267112e+00 0.0000000000000000e+00 3.8847869632183829e-04
1.0717863105175292e+00 0.0000000000000000e+00 3.8678981805638361e-04
1.0818030050083471e+00 0.0000000000000000e+00 3.8510112677040591e-04
1.0918196994991654e+00 0.0000000000000000e+00 3.8341328727982242e-04
1.1018363939899833e+00 0.0000000000000000e+00 3.8172544778923892e-04
1.1118530884808013e+00 0.0000000000000000e+00 3.8003760829865543e-04
1.1218697829716193e+00 0.0000000000000000e+00 3.7834976880807178e-04
1.1318864774624373e+00 0.0000000000000000e+00 3.7666192931748828e-04
1.1419031719532553e+00 0.0000000000000000e+00 3.7497429547585806e-04
1.1519198664440735e+00 0.0000000000000000e+00 3.7328753834818627e-04
1.1619365609348915e+00 0.0000000000000000e+00 3.7160078122051453e-04
1.1719532554257095e+00 0.0000000000000000e+00 3.6991402409284268e-04
1.1819699499165275e+00 0.0000000000000000e+00 3.6822726696517089e-04
1.1919866444073455e+00 0.0000000000000000e+00 3.6654050983749915e-04
1.2020033388981637e+00 0.0000000000000000e+00 3.6485397792616062e-04
1.2120200333889817e+00 0.0000000000000000e+00 3.6316834688015516e-04
1.2220367278797997e+00 0.0000000000000000e+00 3.6148271583414938e-04
1.2320534223706177e+00 0.0000000000000000e+00 3.5979708478814398e-04
1.2420701168614356e+00 0.0000000000000000e+00 3.5811145374213830e-04
1.2520868113522536e+00 0.0000000000000000e+00 3.5642582269613301e-04
1.2621035058430718e+00 0.0000000000000000e+00 3.5474043733131291e-04
1.2721202003338898e+00 0.0000000000000000e+00 3.5305597619571472e-04
1.2821368948247078e+00 0.0000000000000000e+00 3.5137151506011663e-04
1.2921535893155258e+00 0.0000000000000000e+00 3.4968705392451871e-04
1.3021702838063438e+00 0.0000000000000000e+00 3.4800259278892063e-04
1.3121869782971620e+00 0.0000000000000000e+00 3.4631813165332255e-04
1.3222036727879800e+00 0.0000000000000000e+00 3.4463393755993491e-04
1.3322203672787980e+00 0.0000000000000000e+00 3.4295069025256638e-04
1.3422370617696160e+00 0.0000000000000000e+00 3.4126744294519785e-04
1.3522537562604340e+00 0.0000000000000000e+00 3.3958419563782943e-04
1.3622704507512520e+00 0.0000000000000000e+00 3.3790094833046084e-04
1.3722871452420702e+00 0.0000000000000000e+00 3.3621770102309210e-04
1.3823038397328882e+00 0.0000000000000000e+00 3.3453474301295899e-04
1.3923205342237062e+00 0.0000000000000000e+00 3.3285275351965744e-04
1.4023372287145242e+00 0.0000000000000000e+00 3.3117076402635584e-04
1.4123539232053421e+00 0.0000000000000000e+00 3.2948877453305435e-04
1.4223706176961604e+00 0.0000000000000000e+00 3.2780678503975259e-04
1.4323873121869783e+00 0.0000000000000000e+00 3.2612479554645088e-04
1.4424040066777963e+00 0.0000000000000000e+00 3.2444311849635238e-04
1.4524207011686143e+00 0.0000000000000000e+00 3.2276243084972930e-04
1.4624373956594323e+00 0.0000000000000000e+00 3.2108174320310656e-04
1.4724540901502503e+00 0.0000000000000000e+00 3.1940105555648349e-04
1.4824707846410685e+00 0.0000000000000000e+00 3.1772036790986069e-04
1.4924874791318865e+00 0.0000000000000000e+00 3.1603968026323778e-04
1.5025041736227045e+00 0.0000000000000000e+00 3.1435932909278845e-04
1.5125208681135225e+00 0.0000000000000000e+00 3.1267998735085966e-04
1.5225375626043405e+00 0.0000000000000000e+00 3.1100064560893092e-04
1.5325542570951585e+00 0.0000000000000000e+00 3.0932130386700219e-04
1.5425709515859767e+00 0.0000000000000000e+00 3.0764196212507350e-04
1.5525876460767947e+00 0.0000000000000000e+00 3.0596262038314488e-04
1.5626043405676127e+00 0.0000000000000000e+00 3.0428364003253362e-04
1.5726210350584306e+00 0.0000000000000000e+00 3.0260568825721089e-04
1.5826377295492486e+00 0.0000000000000000e+00 3.0092773648188816e-04
1.5926544240400669e+00 0.0000000000000000e+00 2.9924978470656543e-04
1.6026711185308848e+00 0.0000000000000000e+00 2.9757183293124270e-04
1.6126878130217028e+00 0.0000000000000000e+00 2.9589388115591986e-04
1.6227045075125208e+00 0.0000000000000000e+00 2.9421631656350862e-04
1.6327212020033388e+00 0.0000000000000000e+00 2.9253979879896938e-04
1.6427378964941568e+00 0.0000000000000000e+00 2.9086328103443009e-04
1.6527545909849750e+00 0.0000000000000000e+00 2.8918676326989090e-04
1.6627712854757930e+00 0.0000000000000000e+00 2.8751024550535139e-04
1.6727879799666110e+00 0.0000000000000000e+00 2.8583372774081231e-04
1.6828046744574290e+00 0.0000000000000000e+00 2.8415762382061083e-04
1.6928213689482470e+00 0.0000000000000000e+00 2.8248258407156425e-04
1.7028380634390652e+00 0.0000000000000000e+00 2.8080754432251739e-04
1.7128547579298832e+00 0.0000000000000000e+00 2.7913250457347059e-04
1.7228714524207012e+00 0.0000000000000000e+00 2.7745746482442396e-04
1.7328881469115192e+00 0.0000000000000000e+00 2.7578242507537721e-04
1.7429048414023371e+00 0.0000000000000000e+00 2.7410782669441366e-04
1.7529215358931551e+00 0.0000000000000000e+00 2.7243430890427504e-04
1.7629382303839733e+00 0.0000000000000000e+00 2.7076079111413616e-04
1.7729549248747913e+00 0.0000000000000000e+00 2.6908727332399760e-04
1.7829716193656093e+00 0.0000000000000000e+00 2.6741375553385866e-04
1.7929883138564273e+00 0.0000000000000000e+00 2.6574023774371983e-04
1.8030050083472453e+00 0.0000000000000000e+00 2.6406718969931614e-04
1.8130217028380635e+00 0.0000000000000000e+00 2.6239523772829339e-04
1.8230383973288815e+00 0.0000000000000000e+00 2.6072328575727096e-04
1.8330550918196995e+00 0.0000000000000000e+00 2.5905133378624831e-04
1.8430717863105175e+00 0.0000000000000000e+00 2.5737938181522561e-04
1.8530884808013355e+00 0.0000000000000000e+00 2.5570742984420313e-04
1.8631051752921535e+00 0.0000000000000000e+00 2.5403597684116406e-04
1.8731218697829717e+00 0.0000000000000000e+00 2.5236563444428189e-04
1.8831385642737897e+00 0.0000000000000000e+00 2.5069529204739993e-04
1.8931552587646077e+00 0.0000000000000000e+00 2.4902494965051754e-04
1.9031719532554257e+00 0.0000000000000000e+00 2.4735460725363564e-04
1.9131886477462436e+00 0.0000000000000000e+00 2.4568426485675342e-04
1.9232053422370616e+00 0.0000000000000000e+00 2.4401445148449760e-04
1.9332220367278798e+00 0.0000000000000000e+00 2.4234576228957159e-04
1.9432387312186978e+00 0.0000000000000000e+00 2.4067707309464610e-04
1.9532554257095158e+00 0.0000000000000000e+00 2.3900838389972036e-04
1.9632721202003338e+00 0.0000000000000000e+00 2.3733969470479487e-04
1.9732888146911518e+00 0.0000000000000000e+00 2.3567100550986916e-04
1.9833055091819700e+00 0.0000000000000000e+00 2.3400287621950315e-04
1.9933222036727880e+00 0.0000000000000000e+00 2.3233588370506189e-04
2.0033388981636060e+00 0.0000000000000000e+00 2.3066889119062058e-04
2.0133555926544240e+00 0.0000000000000000e+00 2.2900189867617902e-04
2.0233722871452420e+00 0.0000000000000000e+00 2.2733490616173746e-04
2.0333889816360600e+00 0.0000000000000000e+00 2.2566791364729587e-04
2.0434056761268780e+00 0.0000000000000000e+00 2.2400151272864834e-04
2.0534223706176959e+00 0.0000000000000000e+00 2.2233626020183543e-04
2.0634390651085144e+00 0.0000000000000000e+00 2.2067100767502251e-04
2.0734557595993324e+00 0.0000000000000000e+00 2.1900575514820989e-04
2.0834724540901504e+00 0.0000000000000000e+00 2.1734050262139698e-04
2.0934891485809684e+00 0.0000000000000000e+00 2.1567525009458436e-04
2.1035058430717863e+00 0.0000000000000000e+00 2.1401062165321780e-04
2.1135225375626043e+00 0.0000000000000000e+00 2.1234715222768038e-04
2.1235392320534223e+00 0.0000000000000000e+00 2.1068368280214271e-04
2.1335559265442403e+00 0.0000000000000000e+00 2.0902021337660501e-04
2.1435726210350583e+00 0.0000000000000000e+00 2.0735674395106729e-04
2.1535893155258763e+00 0.0000000000000000e+00 2.0569327452552992e-04
2.1636060100166943e+00 0.0000000000000000e+00 2.0403046245974561e-04
2.1736227045075123e+00 0.0000000000000000e+00 2.0236881903352318e-04
2.1836393989983307e+00 0.0000000000000000e+00 2.0070717560730046e-04
2.1936560934891487e+00 0.0000000000000000e+00 1.9904553218107771e-04
2.2036727879799667e+00 0.0000000000000000e+00 1.9738388875485525e-04
2.2136894824707847e+00 0.0000000000000000e+00 1.9572224532863280e-04
2.2237061769616027e+00 0.0000000000000000e+00 1.9406129330647631e-04
2.2337228714524207e+00 0.0000000000000000e+00 1.9240151853989169e-04
2.2437395659432386e+00 0.0000000000000000e+00 1.9074174377330764e-04
2.2537562604340566e+00 0.0000000000000000e+00 1.8908196900672359e-04
2.2637729549248746e+00 0.0000000000000000e+00 1.8742219424013927e-04
2.2737896494156926e+00 0.0000000000000000e+00 1.8576241947355492e-04
2.2838063439065106e+00 0.0000000000000000e+00 1.8410337090984165e-04
2.2938230383973290e+00 0.0000000000000000e+00 1.8244550720344349e-04
2.3038397328881470e+00 0.0000000000000000e+00 1.8078764349704557e-04
2.3138564273789650e+00 0.0000000000000000e+00 1.7912977979064743e-04
2.3238731218697830e+00 0.0000000000000000e+00 1.7747191608424927e-04
2.3338898163606010e+00 0.0000000000000000e+00 1.7581405237785110e-04
2.3439065108514190e+00 0.0000000000000000e+00 1.7415695041123066e-04
2.3539232053422370e+00 0.0000000000000000e+00 1.7250103988374903e-04
2.3639398998330550e+00 0.0000000000000000e+00 1.7084512935626765e-04
2.3739565943238730e+00 0.0000000000000000e+00 1.6918921882878607e-04
2.3839732888146909e+00 0.0000000000000000e+00 1.6753330830130466e-04
2.3939899833055089e+00 0.0000000000000000e+00 1.6587739777382306e-04
2.4040066777963274e+00 0.0000000000000000e+00 1.6422228524388242e-04
2.4140233722871454e+00 0.0000000000000000e+00 1.6256836971025366e-04
2.4240400667779634e+00 0.0000000000000000e+00 1.6091445417662457e-04
2.4340567612687813e+00 0.0000000000000000e+00 1.5926053864299554e-04
2.4440734557595993e+00 0.0000000000000000e+00 1.5760662310936645e-04
2.4540901502504173e+00 0.0000000000000000e+00 1.5595270757573769e-04
2.4641068447412353e+00 0.0000000000000000e+00 1.5429962700017527e-04
2.4741235392320533e+00 0.0000000000000000e+00 1.5264774794963498e-04
2.4841402337228713e+00 0.0000000000000000e+00 1.5099586889909467e-04
2.4941569282136893e+00 0.0000000000000000e+00 1.4934398984855463e-04
2.5041736227045073e+00 0.0000000000000000e+00 1.4769211079801461e-04
2.5141903171953257e+00 0.0000000000000000e+00 1.4604023174747430e-04
2.5242070116861437e+00 0.0000000000000000e+00 1.4438922529934770e-04
2.5342237061769617e+00 0.0000000000000000e+00 1.4273942387360287e-04
2.5442404006677797e+00 0.0000000000000000e+00 1.4108962244785780e-04
2.5542570951585977e+00 0.0000000000000000e+00 1.3943982102211297e-04
2.5642737896494157e+00 0.0000000000000000e+00 1.3779001959636790e-04
2.5742904841402336e+00 0.0000000000000000e+00 1.3614021817062312e-04
2.5843071786310516e+00 0.0000000000000000e+00 1.3449132765569211e-04
2.5943238731218696e+00 0.0000000000000000e+00 1.3284364462718938e-04
2.6043405676126876e+00 0.0000000000000000e+00 1.3119596159868636e-04
2.6143572621035056e+00 0.0000000000000000e+00 1.2954827857018360e-04
2.6243739565943240e+00 0.0000000000000000e+00 1.2790059554168031e-04
2.6343906510851420e+00 0.0000000000000000e+00 1.2625291251317763e-04
2.6444073455759600e+00 0.0000000000000000e+00 1.2460617934734641e-04
2.6544240400667780e+00 0.0000000000000000e+00 1.2296065509764302e-04
2.6644407345575960e+00 0.0000000000000000e+00 1.2131513084793989e-04
2.6744574290484140e+00 0.0000000000000000e+00 1.1966960659823678e-04
2.6844741235392320e+00 0.0000000000000000e+00 1.1802408234853337e-04
2.6944908180300500e+00 0.0000000000000000e+00 1.1637855809882996e-04
2.7045075125208680e+00 0.0000000000000000e+00 1.1473402328571430e-04
2.7145242070116860e+00 0.0000000000000000e+00 1.1309069778398339e-04
2.7245409015025039e+00 0.0000000000000000e+00 1.1144737228225192e-04
2.7345575959933224e+00 0.0000000000000000e+00 1.0980404678052072e-04
2.7445742904841404e+00 0.0000000000000000e+00 1.0816072127878978e-04
2.7545909849749584e+00 0.0000000000000000e+00 1.0651739577705860e-04
2.7646076794657763e+00 0.0000000000000000e+00 1.0487509988569066e-04
2.7746243739565943e+00 0.0000000000000000e+00 1.0323401266735731e-04
2.7846410684474123e+00 0.0000000000000000e+00 1.0159292544902423e-04
2.7946577629382303e+00 0.0000000000000000e+00 9.9951838230690865e-05
2.8046744574290483e+00 0.0000000000000000e+00 9.8310751012357770e-05
2.8146911519198663e+00 0.0000000000000000e+00 9.6669663794024120e-05
2.8247078464106843e+00 0.0000000000000000e+00 9.5029646936701828e-05
2.8347245409015023e+00 0.0000000000000000e+00 9.3390837082221165e-05
2.8447412353923207e+00 0.0000000000000000e+00 9.1752027227740772e-05
2.8547579298831387e+00 0.0000000000000000e+00 9.0113217373260135e-05
2.8647746243739567e+00 0.0000000000000000e+00 8.8474407518779457e-05
2.8747913188647747e+00 0.0000000000000000e+00 8.6835597664299092e-05
2.8848080133555927e+00 0.0000000000000000e+00 8.5197899474596833e-05
2.8948247078464107e+00 0.0000000000000000e+00 8.3561405588403949e-05
2.9048414023372287e+00 0.0000000000000000e+00 8.1924911702211037e-05
2.9148580968280466e+00 0.0000000000000000e+00 8.0288417816018140e-05
2.9248747913188646e+00 0.0000000000000000e+00 7.8651923929825527e-05
2.9348914858096826e+00 0.0000000000000000e+00 7.7015430043632629e-05
2.9449081803005006e+00 0.0000000000000000e+00 7.5380089654600177e-05
2.9549248747913190e+00 0.0000000000000000e+00 7.3745949844245134e-05
2.9649415692821370e+00 0.0000000000000000e+00 7.2111810033889833e-05
2.9749582637729550e+00 0.0000000000000000e+00 7.0477670223534803e-05
2.9849749582637730e+00 0.0000000000000000e+00 6.8843530413179488e-05
2.9949916527545910e+00 0.0000000000000000e+00 6.7209390602824458e-05
3.0050083472454090e+00 0.0000000000000000e+00 6.5576446625363019e-05
3.0150250417362270e+00 0.0000000000000000e+00 6.3944698480795388e-05
3.0250417362270450e+00 0.0000000000000000e+00 6.2312950336227758e-05
3.0350584307178630e+00 0.0000000000000000e+00 6.0681202191660418e-05
3.0450751252086810e+00 0.0000000000000000e+00 5.9049454047092787e-05
3.0550918196994989e+00 0.0000000000000000e+00 5.7417705902525441e-05
3.0651085141903169e+00 0.0000000000000000e+00 5.5787196403974938e-05
3.0751252086811354e+00 0.0000000000000000e+00 5.4157876977087931e-05
3.0851419031719534e+00 0.0000000000000000e+00 5.2528557550201208e-05
3.0951585976627713e+00 0.0000000000000000e+00 5.0899238123314498e-05
3.1051752921535893e+00 0.0000000000000000e+00 4.9269918696427497e-05
3.1151919866444073e+00 0.0000000000000000e+00 4.7640599269540219e-05
3.1252086811352253e+00 0.0000000000000000e+00 4.6012561752491230e-05
3.1352253756260433e+00 0.0000000000000000e+00 4.4385707536830905e-05
3.1452420701168613e+00 0.0000000000000000e+00 4.2758853321170302e-05
3.1552587646076793e+00 0.0000000000000000e+00 4.1131999105509699e-05
3.1652754590984973e+00 0.0000000000000000e+00 3.9505144889849368e-05
3.1752921535893153e+00 0.0000000000000000e+00 3.7878290674189036e-05
3.1853088480801337e+00 0.0000000000000000e+00 3.6252762055514589e-05
3.1953255425709517e+00 0.0000000000000000e+00 3.4628408966242918e-05
3.2053422370617697e+00 0.0000000000000000e+00 3.3004055876971525e-05
3.2153589315525877e+00 0.0000000000000000e+00 3.1379702787699576e-05
3.2253756260434057e+00 0.0000000000000000e+00 2.9755349698428179e-05
3.2353923205342237e+00 0.0000000000000000e+00 2.8130996609156512e-05
3.2454090150250416e+00 0.0000000000000000e+00 2.6508013199302593e-05
3.2554257095158596e+00 0.0000000000000000e+00 2.4886196553396594e-05
3.2654424040066776e+00 0.0000000000000000e+00 2.3264379907490876e-05
3.2754590984974956e+00 0.0000000000000000e+00 2.1642563261584879e-05
3.2854757929883136e+00 0.0000000000000000e+00 2.0020746615679158e-05
3.2954924874791320e+00 0.0000000000000000e+00 1.8398929969773158e-05
3.3055091819699500e+00 0.0000000000000000e+00 1.6778527452294153e-05
3.3155258764607680e+00 0.0000000000000000e+00 1.5159281948981867e-05
3.3255425709515860e+00 0.0000000000000000e+00 1.3540036445669862e-05
3.3355592654424040e+00 0.0000000000000000e+00 1.1920790942358129e-05
3.3455759599332220e+00 0.0000000000000000e+00 1.0301545439046398e-05
3.3555926544240400e+00 0.0000000000000000e+00 8.6822999357343921e-06
3.3656093489148580e+00 0.0000000000000000e+00 7.3849648814417942e-06
3.3756260434056760e+00 0.0000000000000000e+00 6.3405594656583535e-06
3.3856427378964939e+00 0.0000000000000000e+00 5.2961540498749146e-06
3.3956594323873119e+00 0.0000000000000000e+00 4.2517486340912978e-06
3.4056761268781304e+00 0.0000000000000000e+00 3.2073432183075022e-06
3.4156928213689484e+00 0.0000000000000000e+00 2.1629378025240620e-06
3.4257095158597664e+00 0.0000000000000000e+00 2.6338244356438940e-06
3.4357262103505843e+00 0.0000000000000000e+00 4.2478261231705156e-06
3.4457429048414023e+00 0.0000000000000000e+00 5.8618278106974124e-06
3.4557595993322203e+00 0.0000000000000000e+00 7.4758294982240348e-06
3.4657762938230383e+00 0.0000000000000000e+00 9.0898311857509308e-06
3.4757929883138563e+00 0.0000000000000000e+00 1.0703832873277553e-05
3.4858096828046743e+00 0.0000000000000000e+00 1.2316285182221676e-05
3.4958263772954923e+00 0.0000000000000000e+00 1.3927615527364227e-05
3.5058430717863103e+00 0.0000000000000000e+00 1.5538945872507332e-05
3.5158597662771287e+00 0.0000000000000000e+00 1.7150276217649888e-05
3.5258764607679467e+00 0.0000000000000000e+00 1.8761606562792715e-05
3.5358931552587647e+00 0.0000000000000000e+00 2.0372936907935542e-05
3.5459098497495827e+00 0.0000000000000000e+00 2.1982672258515555e-05
3.5559265442404007e+00 0.0000000000000000e+00 2.3591299223043666e-05
3.5659432387312187e+00 0.0000000000000000e+00 2.5199926187572041e-05
3.5759599332220366e+00 0.0000000000000000e+00 2.6808553152100423e-05
3.5859766277128546e+00 0.0000000000000000e+00 2.8417180116628531e-05
3.5959933222036726e+00 0.0000000000000000e+00 3.0025807081156638e-05
3.6060100166944906e+00 0.0000000000000000e+00 3.1632793221157166e-05
3.6160267111853086e+00 0.0000000000000000e+00 3.3238685478138704e-05
3.6260434056761270e+00 0.0000000000000000e+00 3.4844577735119972e-05
3.6360601001669450e+00 0.0000000000000000e+00 3.6450469992101503e-05
3.6460767946577630e+00 0.0000000000000000e+00 3.8056362249082771e-05
3.6560934891485810e+00 0.0000000000000000e+00 3.9662254506064316e-05
3.6661101836393990e+00 0.0000000000000000e+00 4.1266459926752242e-05
3.6761268781302170e+00 0.0000000000000000e+00 4.2869586878334889e-05
3.6861435726210350e+00 0.0000000000000000e+00 4.4472713829917251e-05
3.6961602671118530e+00 0.0000000000000000e+00 4.6075840781499898e-05
3.7061769616026710e+00 0.0000000000000000e+00 4.7678967733082559e-05
3.7161936560934890e+00 0.0000000000000000e+00 4.9282094684665206e-05
3.7262103505843069e+00 0.0000000000000000e+00 5.0883488639083393e-05
3.7362270450751254e+00 0.0000000000000000e+00 5.2483820433949672e-05
3.7462437395659434e+00 0.0000000000000000e+00 5.4084152228815930e-05
3.7562604340567614e+00 0.0000000000000000e+00 5.5684484023681931e-05
3.7662771285475793e+00 0.0000000000000000e+00 5.7284815818547926e-05
3.7762938230383973e+00 0.0000000000000000e+00 5.8885147613414191e-05
3.7863105175292153e+00 0.0000000000000000e+00 6.0483700134323906e-05
3.7963272120200333e+00 0.0000000000000000e+00 6.2081207684814459e-05
3.8063439065108513e+00 0.0000000000000000e+00 6.3678715235305290e-05
3.8163606010016693e+00 0.0000000000000000e+00 6.5276222785796121e-05
3.8263772954924873e+00 0.0000000000000000e+00 6.6873730336286952e-05
3.8363939899833053e+00 0.0000000000000000e+00 6.8471237886777526e-05
3.8464106844741233e+00 0.0000000000000000e+00 7.0066919804221453e-05
3.8564273789649417e+00 0.0000000000000000e+00 7.1661574803076993e-05
3.8664440734557597e+00 0.0000000000000000e+00 7.3256229801932520e-05
3.8764607679465777e+00 0.0000000000000000e+00 7.4850884800787789e-05
3.8864774624373957e+00 0.0000000000000000e+00 7.6445539799643316e-05
3.8964941569282137e+00 0.0000000000000000e+00 7.8040194798498585e-05
3.9065108514190316e+00 0.0000000000000000e+00 7.9632977757001204e-05
3.9165275459098496e+00 0.0000000000000000e+00 8.1224752693774638e-05
3.9265442404006676e+00 0.0000000000000000e+00 8.2816527630548371e-05
3.9365609348914856e+00 0.0000000000000000e+00 8.4408302567321819e-05
3.9465776293823036e+00 0.0000000000000000e+00 8.6000077504095552e-05
3.9565943238731216e+00 0.0000000000000000e+00 8.7591852440869000e-05
3.9666110183639400e+00 0.0000000000000000e+00 8.9181708916228182e-05
3.9766277128547580e+00 0.0000000000000000e+00 9.0770577093282653e-05
3.9866444073455760e+00 0.0000000000000000e+00 9.2359445270337421e-05
3.9966611018363940e+00 0.0000000000000000e+00 9.3948313447392434e-05
4.0066777963272120e+00 0.0000000000000000e+00 9.5537181624446904e-05
4.0166944908180300e+00 0.0000000000000000e+00 9.7126049801501374e-05
4.0267111853088480e+00 0.0000000000000000e+00 9.8712953117195953e-05
4.0367278797996660e+00 0.0000000000000000e+00 1.0029888866535496e-04
4.0467445742904840e+00 0.0000000000000000e+00 1.0188482421351369e-04
4.0567612687813019e+00 0.0000000000000000e+00 1.0347075976167241e-04
4.0667779632721199e+00 0.0000000000000000e+00 1.0505669530983140e-04
4.0767946577629379e+00 0.0000000000000000e+00 1.0664263085799037e-04
4.0868113522537559e+00 0.0000000000000000e+00 1.0822655520117964e-04
4.0968280467445739e+00 0.0000000000000000e+00 1.0980953309497153e-04
4.1068447412353919e+00 0.0000000000000000e+00 1.1139251098876398e-04
4.1168614357262099e+00 0.0000000000000000e+00 1.1297548888255615e-04
4.1268781302170288e+00 0.0000000000000000e+00 1.1455846677634832e-04
4.1368948247078468e+00 0.0000000000000000e+00 1.1614144467014023e-04
4.1469115191986647e+00 0.0000000000000000e+00 1.1772236510722967e-04
4.1569282136894827e+00 0.0000000000000000e+00 1.1930236117971399e-04
4.1669449081803007e+00 0.0000000000000000e+00 1.2088235725219831e-04
4.1769616026711187e+00 0.0000000000000000e+00 1.2246235332468236e-04
4.1869782971619367e+00 0.0000000000000000e+00 1.2404234939716638e-04
4.1969949916527547e+00 0.0000000000000000e+00 1.2562234546965097e-04
4.2070116861435727e+00 0.0000000000000000e+00 1.2720023796144658e-04
4.2170283806343907e+00 0.0000000000000000e+00 1.2877722891866113e-04
4.2270450751252087e+00 0.0000000000000000e+00 1.3035421987587568e-04
4.2370617696160267e+00 0.0000000000000000e+00 1.3193121083309050e-04
4.2470784641068446e+00 0.0000000000000000e+00 1.3350820179030531e-04
4.2570951585976626e+00 0.0000000000000000e+00 1.3508519274751986e-04
4.2671118530884806e+00 0.0000000000000000e+00 1.3666003416393940e-04
4.2771285475792986e+00 0.0000000000000000e+00 1.3823399759890775e-04
4.2871452420701166e+00 0.0000000000000000e+00 1.3980796103387611e-04
4.2971619365609346e+00 0.0000000000000000e+00 1.4138192446884441e-04
4.3071786310517526e+00 0.0000000000000000e+00 1.4295588790381246e-04
4.3171953255425706e+00 0.0000000000000000e+00 1.4452985133878084e-04
4.3272120200333886e+00 0.0000000000000000e+00 1.4610161947311269e-04
4.3372287145242066e+00 0.0000000000000000e+00 1.4767253387941906e-04
4.3472454090150245e+00 0.0000000000000000e+00 1.4924344828572540e-04
4.3572621035058434e+00 0.0000000000000000e+00 1.5081436269203202e-04
4.3672787979966614e+00 0.0000000000000000e+00 1.5238527709833860e-04
4.3772954924874794e+00 0.0000000000000000e+00 1.5395619150464522e-04
4.3873121869782974e+00 0.0000000000000000e+00 1.5552486508735959e-04
4.3973288814691154e+00 0.0000000000000000e+00 1.5709270987230729e-04
4.4073455759599334e+00 0.0000000000000000e+00 1.5866055465725500e-04
4.4173622704507514e+00 0.0000000000000000e+00 1.6022839944220270e-04
4.4273789649415694e+00 0.0000000000000000e+00 1.6179624422715019e-04
4.4373956594323873e+00 0.0000000000000000e+00 1.6336408901209765e-04
4.4474123539232053e+00 0.0000000000000000e+00 1.6492964772419841e-04
4.4574290484140233e+00 0.0000000000000000e+00 1.6649440322151517e-04
4.4674457429048413e+00 0.0000000000000000e+00 1.6805915871883175e-04
4.4774624373956593e+00 0.0000000000000000e+00 1.6962391421614824e-04
4.4874791318864773e+00 0.0000000000000000e+00 1.7118866971346507e-04
4.4974958263772953e+00 0.0000000000000000e+00 1.7275342521078210e-04
4.5075125208681133e+00 0.0000000000000000e+00 1.7431584969669156e-04
4.5175292153589313e+00 0.0000000000000000e+00 1.7587749717879879e-04
4.5275459098497493e+00 0.0000000000000000e+00 1.7743914466090619e-04
4.5375626043405672e+00 0.0000000000000000e+00 1.7900079214301366e-04
4.5475792988313852e+00 0.0000000000000000e+00 1.8056243962512086e-04
4.5575959933222032e+00 0.0000000000000000e+00 1.8212408710722801e-04
4.5676126878130212e+00 0.0000000000000000e+00 1.8368335898718015e-04
4.5776293823038401e+00 0.0000000000000000e+00 1.8524188067697798e-04
4.5876460767946581e+00 0.0000000000000000e+00 1.8680040236677603e-04
4.5976627712854761e+00 0.0000000000000000e+00 1.8835892405657360e-04
4.6076794657762941e+00 0.0000000000000000e+00 1.8991744574637116e-04
4.6176961602671120e+00 0.0000000000000000e+00 1.9147596743616900e-04
4.6277128547579300e+00 0.0000000000000000e+00 1.9303206931812624e-04
4.6377295492487480e+00 0.0000000000000000e+00 1.9458744840033864e-04
4.6477462437395660e+00 0.0000000000000000e+00 1.9614282748255107e-04
4.6577629382303840e+00 0.0000000000000000e+00 1.9769820656476375e-04
4.6677796327212020e+00 0.0000000000000000e+00 1.9925358564697646e-04
4.6777963272120200e+00 0.0000000000000000e+00 2.0080896472918883e-04
4.6878130217028380e+00 0.0000000000000000e+00 2.0236188022029235e-04
4.6978297161936560e+00 0.0000000000000000e+00 2.0391410085236566e-04
4.7078464106844740e+00 0.0000000000000000e+00 2.0546632148443869e-04
4.7178631051752919e+00 0.0000000000000000e+00 2.0701854211651141e-04
4.7278797996661099e+00 0.0000000000000000e+00 2.0857076274858417e-04
4.7378964941569279e+00 0.0000000000000000e+00 2.1012298338065724e-04
4.7479131886477459e+00 0.0000000000000000e+00 2.1167269709813875e-04
4.7579298831385639e+00 0.0000000000000000e+00 2.1322174442060199e-04
4.7679465776293819e+00 0.0000000000000000e+00 2.1477079174306518e-04
4.7779632721201999e+00 0.0000000000000000e+00 2.1631983906552873e-04
4.7879799666110179e+00 0.0000000000000000e+00 2.1786888638799251e-04
4.7979966611018368e+00 0.0000000000000000e+00 2.1941793371045603e-04
4.8080133555926547e+00 0.0000000000000000e+00 2.2096443129208425e-04
4.8180300500834727e+00 0.0000000000000000e+00 2.2251029143850379e-04
4.8280467445742907e+00 0.0000000000000000e+00 2.2405615158492355e-04
4.8380634390651087e+00 0.0000000000000000e+00 2.2560201173134339e-04
4.8480801335559267e+00 0.0000000000000000e+00 2.2714787187776294e-04
4.8580968280467447e+00 0.0000000000000000e+00 2.2869373202418245e-04
4.8681135225375627e+00 0.0000000000000000e+00 2.3023700013817319e-04
4.8781302170283807e+00 0.0000000000000000e+00 2.3177966024455712e-04
4.8881469115191987e+00 0.0000000000000000e+00 2.3332232035094106e-04
4.8981636060100167e+00 0.0000000000000000e+00 2.3486498045732472e-04
4.9081803005008346e+00 0.0000000000000000e+00 2.3640764056370866e-04
4.9181969949916526e+00 0.0000000000000000e+00 2.3795030067009259e-04
4.9282136894824706e+00 0.0000000000000000e+00 2.3949032702454170e-04
4.9382303839732886e+00 0.0000000000000000e+00 2.4102977523832232e-04
4.9482470784641066e+00 0.0000000000000000e+00 2.4256922345210314e-04
4.9582637729549246e+00 0.0000000000000000e+00 2.4410867166588400e-04
4.9682804674457426e+00 0.0000000000000000e+00 2.4564811987966458e-04
4.9782971619365606e+00 0.0000000000000000e+00 2.4718756809344517e-04
4.9883138564273786e+00 0.0000000000000000e+00 2.4872434144520921e-04
4.9983305509181966e+00 0.0000000000000000e+00 2.5026056693366834e-04
5.0083472454090145e+00 0.0000000000000000e+00 2.5179679242212709e-04
5.0183639398998334e+00 0.0000000000000000e+00 2.5333301791058622e-04
5.0283806343906514e+00 0.0000000000000000e+00 2.5486924339904508e-04
5.0383973288814694e+00 0.0000000000000000e+00 2.5640546888750420e-04
5.0484140233722874e+00 0.0000000000000000e+00 2.5793897905057914e-04
5.0584307178631054e+00 0.0000000000000000e+00 2.5947197200881881e-04
5.0684474123539234e+00 0.0000000000000000e+00 2.6100496496705842e-04
5.0784641068447414e+00 0.0000000000000000e+00 2.6253795792529830e-04
5.0884808013355594e+00 0.0000000000000000e+00 2.6407095088353845e-04
5.0984974958263773e+00 0.0000000000000000e+00 2.6560394384177817e-04
5.1085141903171953e+00 0.0000000000000000e+00 2.6713418169516519e-04
5.1185308848080133e+00 0.0000000000000000e+00 2.6866393335357844e-04
5.1285475792988313e+00 0.0000000000000000e+00 2.7019368501199180e-04
5.1385642737896493e+00 0.0000000000000000e+00 2.7172343667040483e-04
5.1485809682804673e+00 0.0000000000000000e+00 2.7325318832881787e-04
5.1585976627712853e+00 0.0000000000000000e+00 2.7478293998723117e-04
5.1686143572621033e+00 0.0000000000000000e+00 2.7630989748223379e-04
5.1786310517529213e+00 0.0000000000000000e+00 2.7783640011342503e-04
5.1886477462437393e+00 0.0000000000000000e+00 2.7936290274461659e-04
5.1986644407345572e+00 0.0000000000000000e+00 2.8088940537580816e-04
5.2086811352253752e+00 0.0000000000000000e+00 2.8241590800699977e-04
5.2186978297161932e+00 0.0000000000000000e+00 2.8394241063819107e-04
5.2287145242070112e+00 0.0000000000000000e+00 2.8546608080523919e-04
5.2387312186978292e+00 0.0000000000000000e+00 2.8698932773051902e-04
5.2487479131886481e+00 0.0000000000000000e+00 2.8851257465579896e-04
5.2587646076794661e+00 0.0000000000000000e+00 2.9003582158107879e-04
5.2687813021702841e+00 0.0000000000000000e+00 2.9155906850635845e-04
5.2787979966611021e+00 0.0000000000000000e+00 2.9308231543163807e-04
5.2888146911519200e+00 0.0000000000000000e+00 2.9460269238651936e-04
5.2988313856427380e+00 0.0000000000000000e+00 2.9612267798180070e-04
5.3088480801335560e+00 0.0000000000000000e+00 2.9764266357708166e-04
5.3188647746243740e+00 0.0000000000000000e+00 2.9916264917236274e-04
5.3288814691151920e+00 0.0000000000000000e+00 3.0068263476764403e-04
5.3388981636060100e+00 0.0000000000000000e+00 3.0220262036292537e-04
5.3489148580968280e+00 0.0000000000000000e+00 3.0371969931252698e-04
5.3589315525876460e+00 0.0000000000000000e+00 3.0523641901378614e-04
5.3689482470784640e+00 0.0000000000000000e+00 3.0675313871504563e-04
5.3789649415692820e+00 0.0000000000000000e+00 3.0826985841630544e-04
5.3889816360600999e+00 0.0000000000000000e+00 3.0978657811756472e-04
5.3989983305509179e+00 0.0000000000000000e+00 3.1130329781882393e-04
5.4090150250417359e+00 0.0000000000000000e+00 3.1281707506630973e-04
5.4190317195325539e+00 0.0000000000000000e+00 3.1433052537448738e-04
5.4290484140233719e+00 0.0000000000000000e+00 3.1584397568266482e-04
5.4390651085141899e+00 0.0000000000000000e+00 3.1735742599084220e-04
5.4490818030050079e+00 0.0000000000000000e+00 3.1887087629901980e-04
5.4590984974958259e+00 0.0000000000000000e+00 3.2038432660719745e-04
5.4691151919866448e+00 0.0000000000000000e+00 3.2189479955666163e-04
5.4791318864774627e+00 0.0000000000000000e+00 3.2340497804207724e-04
5.4891485809682807e+00 0.0000000000000000e+00 3.2491515652749258e-04
5.4991652754590987e+00 0.0000000000000000e+00 3.2642533501290829e-04
5.5091819699499167e+00 0.0000000000000000e+00 3.2793551349832384e-04
5.5191986644407347e+00 0.0000000000000000e+00 3.2944569198373923e-04
5.5292153589315527e+00 0.0000000000000000e+00 3.3095285914431279e-04
5.5392320534223707e+00 0.0000000000000000e+00 3.3245976445055267e-04
5.5492487479131887e+00 0.0000000000000000e+00 3.3396666975679245e-04
5.5592654424040067e+00 0.0000000000000000e+00 3.3547357506303206e-04
5.5692821368948247e+00 0.0000000000000000e+00 3.3698048036927167e-04
5.5792988313856426e+00 0.0000000000000000e+00 3.3848738567551171e-04
5.5893155258764606e+00 0.0000000000000000e+00 3.3999124666492204e-04
5.5993322203672786e+00 0.0000000000000000e+00 3.4149487851220511e-04
5.6093489148580966e+00 0.0000000000000000e+00 3.4299851035948824e-04
5.6193656093489146e+00 0.0000000000000000e+00 3.4450214220677153e-04
5.6293823038397326e+00 0.0000000000000000e+00 3.4600577405405488e-04
5.6393989983305506e+00 0.0000000000000000e+00 3.4750940590133801e-04
5.6494156928213686e+00 0.0000000000000000e+00 3.4900996144894645e-04
5.6594323873121866e+00 0.0000000000000000e+00 3.5051032063700149e-04
5.6694490818030046e+00 0.0000000000000000e+00 3.5201067982505653e-04
5.6794657762938225e+00 0.0000000000000000e+00 3.5351103901311157e-04
5.6894824707846414e+00 0.0000000000000000e+00 3.5501139820116656e-04
5.6994991652754594e+00 0.0000000000000000e+00 3.5651175738922133e-04
5.7095158597662774e+00 0.0000000000000000e+00 3.5800900933850545e-04
5.7195325542570954e+00 0.0000000000000000e+00 3.5950609774890695e-04
5.7295492487479134e+00 0.0000000000000000e+00 3.6100318615930817e-04
5.7395659432387314e+00 0.0000000000000000e+00 3.6250027456970934e-04
5.7495826377295494e+00 0.0000000000000000e+00 3.6399736298011083e-04
5.7595993322203674e+00 0.0000000000000000e+00 3.6549445139051232e-04
5.7696160267111853e+00 0.0000000000000000e+00 3.6698840270100211e-04
5.7796327212020033e+00 0.0000000000000000e+00 3.6848222329899578e-04
5.7896494156928213e+00 0.0000000000000000e+00 3.6997604389698950e-04
5.7996661101836393e+00 0.0000000000000000e+00 3.7146986449498323e-04
5.8096828046744573e+00 0.0000000000000000e+00 3.7296368509297673e-04
5.8196994991652753e+00 0.0000000000000000e+00 3.7445750569097013e-04
5.8297161936560933e+00 0.0000000000000000e+00 3.7594816043966587e-04
5.8397328881469113e+00 0.0000000000000000e+00 3.7743871727549661e-04
5.8497495826377293e+00 0.0000000000000000e+00 3.7892927411132713e-04
5.8597662771285473e+00 0.0000000000000000e+00 3.8041983094715777e-04
5.8697829716193652e+00 0.0000000000000000e+00 3.8191038778298883e-04
5.8797996661101832e+00 0.0000000000000000e+00 3.8340094461881963e-04
5.8898163606010012e+00 0.0000000000000000e+00 3.8488830800105631e-04
5.8998330550918192e+00 0.0000000000000000e+00 3.8637560621077082e-04
5.9098497495826381e+00 0.0000000000000000e+00 3.8786290442048555e-04
5.9198664440734561e+00 0.0000000000000000e+00 3.8935020263020028e-04
5.9298831385642741e+00 0.0000000000000000e+00 3.9083750083991500e-04
5.9398998330550921e+00 0.0000000000000000e+00 3.9232479904962946e-04
5.9499165275459100e+00 0.0000000000000000e+00 3.9380887737941147e-04
5.9599332220367280e+00 0.0000000000000000e+00 3.9529292318515408e-04
5.9699499165275460e+00 0.0000000000000000e+00 3.9677696899089685e-04
5.9799666110183640e+00 0.0000000000000000e+00 3.9826101479663924e-04
5.9899833055091820e+00 0.0000000000000000e+00 3.9974506060238153e-04
6.0000000000000000e+00 0.0000000000000000e+00 4.0122910640812414e-04
